  1  2    1.414000    0.000000    0.000000   -0.006702    1.414214
  1  3    1.060500   -0.612300    0.000000    0.006302    1.224745
  1  4    0.707000   -1.224600    0.000000   -0.006702    1.414214
  1  5    1.060500    0.612300    0.000000    0.006468    1.224746
  1  6    0.707000    0.000000    0.000000    0.096708    0.707107
  1  7    0.353500   -0.612300    0.000000    0.096705    0.707107
  1  8   -0.000000   -1.224600    0.000000    0.006467    1.224745
  1  9    0.707000    1.224600    0.000000   -0.006701    1.414214
  1 10    0.353500    0.612300    0.000000    0.096696    0.707107
  1 11   -0.353500   -0.612300    0.000000    0.096705    0.707107
  1 12   -0.707000   -1.224600    0.000000   -0.006702    1.414213
  1 13    0.000000    1.224600    0.000000    0.006302    1.224745
  1 14   -0.353500    0.612300    0.000000    0.096700    0.707107
  1 15   -0.707000   -0.000000    0.000000    0.096712    0.707107
  1 16   -1.060500   -0.612300    0.000000    0.006302    1.224744
  1 17   -0.707000    1.224600    0.000000   -0.006701    1.414214
  1 18   -1.060500    0.612300    0.000000    0.006470    1.224745
  1 19   -1.414000    0.000000    0.000000   -0.006702    1.414213
  2  1   -1.414000   -0.000000    0.000000   -0.006702    1.414214
  2  3   -0.353500   -0.612300    0.000000    0.821045    0.707107
  2  4   -0.707000   -1.224600    0.000000   -0.141781    1.414214
  2  5   -0.353500    0.612300    0.000000    0.808067    0.707107
  2  6   -0.707000   -0.000000    0.000000    0.785208    0.707107
  2  7   -1.060500   -0.612300    0.000000    0.004524    1.224746
  2  8   -1.414000   -1.224600    0.000000   -0.027112    1.870830
  2  9   -0.707000    1.224600    0.000000   -0.137206    1.414214
  2 10   -1.060500    0.612300    0.000000    0.003481    1.224745
  2 11   -1.767500   -0.612300    0.000000   -0.020399    1.870830
  2 12   -2.121000   -1.224600    0.000000    0.011990    2.449490
  2 13   -1.414000    1.224600    0.000000   -0.021661    1.870829
  2 14   -1.767500    0.612300    0.000000   -0.028341    1.870829
  2 15   -2.121000   -0.000000    0.000000   -0.047445    2.121321
  2 16   -2.474500   -0.612300    0.000000   -0.004990    2.549510
  2 17   -2.121000    1.224600    0.000000    0.011989    2.449490
  2 18   -2.474500    0.612300    0.000000   -0.002800    2.549511
  2 19   -2.828000   -0.000000    0.000000    0.007760    2.828427
  3  1   -1.060500    0.612300    0.000000    0.006302    1.224745
  3  2    0.353500    0.612300    0.000000    0.821045    0.707107
  3  4   -0.353500   -0.612300    0.000000    0.820997    0.707107
  3  5    0.000000    1.224600    0.000000    0.004146    1.224745
  3  6   -0.353500    0.612300    0.000000    0.963000    0.707107
  3  7   -0.707000   -0.000000    0.000000    0.963000    0.707107
  3  8   -1.060500   -0.612300    0.000000    0.004145    1.224746
  3  9   -0.353500    1.836900    0.000000   -0.021658    1.870829
  3 10   -0.707000    1.224600    0.000000   -0.165039    1.414214
  3 11   -1.414000   -0.000000    0.000000   -0.165045    1.414214
  3 12   -1.767500   -0.612300    0.000000   -0.021652    1.870829
  3 13   -1.060500    1.836900    0.000000   -0.004285    2.121320
  3 14   -1.414000    1.224600    0.000000   -0.021072    1.870829
  3 15   -1.767500    0.612300    0.000000   -0.021073    1.870829
  3 16   -2.121000    0.000000    0.000000   -0.004290    2.121320
  3 17   -1.767500    1.836900    0.000000   -0.004987    2.549510
  3 18   -2.121000    1.224600    0.000000    0.012288    2.449490
  3 19   -2.474500    0.612300    0.000000   -0.004988    2.549510
  4  1   -0.707000    1.224600    0.000000   -0.006702    1.414214
  4  2    0.707000    1.224600    0.000000   -0.141781    1.414214
  4  3    0.353500    0.612300    0.000000    0.820997    0.707107
  4  5    0.353500    1.836900    0.000000   -0.027117    1.870829
  4  6    0.000000    1.224600    0.000000    0.004525    1.224745
  4  7   -0.353500    0.612300    0.000000    0.785174    0.707107
  4  8   -0.707000   -0.000000    0.000000    0.808084    0.707107
  4  9    0.000000    2.449200    0.000000    0.011990    2.449490
  4 10   -0.353500    1.836900    0.000000   -0.020398    1.870829
  4 11   -1.060500    0.612300    0.000000    0.003469    1.224745
  4 12   -1.414000    0.000000    0.000000   -0.137221    1.414213
  4 13   -0.707000    2.449200    0.000000   -0.004987    2.549510
  4 14   -1.060500    1.836900    0.000000   -0.047436    2.121320
  4 15   -1.414000    1.224600    0.000000   -0.028339    1.870829
  4 16   -1.767500    0.612300    0.000000   -0.021655    1.870828
  4 17   -1.414000    2.449200    0.000000    0.007759    2.828427
  4 18   -1.767500    1.836900    0.000000   -0.002802    2.549510
  4 19   -2.121000    1.224600    0.000000    0.011988    2.449489
  5  1   -1.060500   -0.612300    0.000000    0.006468    1.224746
  5  2    0.353500   -0.612300    0.000000    0.808067    0.707107
  5  3   -0.000000   -1.224600    0.000000    0.004146    1.224745
  5  4   -0.353500   -1.836900    0.000000   -0.027117    1.870829
  5  6   -0.353500   -0.612300    0.000000    1.011723    0.707107
  5  7   -0.707000   -1.224600    0.000000   -0.171406    1.414214
  5  8   -1.060500   -1.836900    0.000000   -0.010570    2.121321
  5  9   -0.353500    0.612300    0.000000    0.807968    0.707107
  5 10   -0.707000   -0.000000    0.000000    1.011779    0.707107
  5 11   -1.414000   -1.224600    0.000000   -0.026141    1.870830
  5 12   -1.767500   -1.836900    0.000000   -0.002803    2.549510
  5 13   -1.060500    0.612300    0.000000    0.004148    1.224745
  5 14   -1.414000   -0.000000    0.000000   -0.171426    1.414214
  5 15   -1.767500   -0.612300    0.000000   -0.026142    1.870830
  5 16   -2.121000   -1.224600    0.000000    0.012292    2.449490
  5 17   -1.767500    0.612300    0.000000   -0.027119    1.870829
  5 18   -2.121000   -0.000000    0.000000   -0.010562    2.121321
  5 19   -2.474500   -0.612300    0.000000   -0.002800    2.549510
  6  1   -0.707000   -0.000000    0.000000    0.096708    0.707107
  6  2    0.707000    0.000000    0.000000    0.785208    0.707107
  6  3    0.353500   -0.612300    0.000000    0.963000    0.707107
  6  4   -0.000000   -1.224600    0.000000    0.004525    1.224745
  6  5    0.353500    0.612300    0.000000    1.011723    0.707107
  6  7   -0.353500   -0.612300    0.000000    0.837458    0.707107
  6  8   -0.707000   -1.224600    0.000000   -0.171398    1.414214
  6  9    0.000000    1.224600    0.000000    0.003503    1.224745
  6 10   -0.353500    0.612300    0.000000    0.807206    0.707107
  6 11   -1.060500   -0.612300    0.000000    0.083448    1.224746
  6 12   -1.414000   -1.224600    0.000000   -0.028334    1.870829
  6 13   -0.707000    1.224600    0.000000   -0.164994    1.414214
  6 14   -1.060500    0.612300    0.000000    0.083452    1.224745
  6 15   -1.414000   -0.000000    0.000000   -0.135191    1.414214
  6 16   -1.767500   -0.612300    0.000000   -0.021071    1.870829
  6 17   -1.414000    1.224600    0.000000   -0.020399    1.870829
  6 18   -1.767500    0.612300    0.000000   -0.026143    1.870829
  6 19   -2.121000    0.000000    0.000000   -0.047446    2.121320
  7  1   -0.353500    0.612300    0.000000    0.096705    0.707107
  7  2    1.060500    0.612300    0.000000    0.004524    1.224746
  7  3    0.707000    0.000000    0.000000    0.963000    0.707107
  7  4    0.353500   -0.612300    0.000000    0.785174    0.707107
  7  5    0.707000    1.224600    0.000000   -0.171406    1.414214
  7  6    0.353500    0.612300    0.000000    0.837458    0.707107
  7  8   -0.353500   -0.612300    0.000000    1.011712    0.707107
  7  9    0.353500    1.836900    0.000000   -0.028338    1.870829
  7 10    0.000000    1.224600    0.000000    0.083451    1.224745
  7 11   -0.707000   -0.000000    0.000000    0.807390    0.707107
  7 12   -1.060500   -0.612300    0.000000    0.003453    1.224744
  7 13   -0.353500    1.836900    0.000000   -0.021075    1.870829
  7 14   -0.707000    1.224600    0.000000   -0.135207    1.414214
  7 15   -1.060500    0.612300    0.000000    0.083460    1.224745
  7 16   -1.414000    0.000000    0.000000   -0.165043    1.414213
  7 17   -1.060500    1.836900    0.000000   -0.047438    2.121320
  7 18   -1.414000    1.224600    0.000000   -0.026144    1.870829
  7 19   -1.767500    0.612300    0.000000   -0.020398    1.870828
  8  1    0.000000    1.224600    0.000000    0.006467    1.224745
  8  2    1.414000    1.224600    0.000000   -0.027112    1.870830
  8  3    1.060500    0.612300    0.000000    0.004145    1.224746
  8  4    0.707000    0.000000    0.000000    0.808084    0.707107
  8  5    1.060500    1.836900    0.000000   -0.010570    2.121321
  8  6    0.707000    1.224600    0.000000   -0.171398    1.414214
  8  7    0.353500    0.612300    0.000000    1.011712    0.707107
  8  9    0.707000    2.449200    0.000000   -0.002803    2.549511
  8 10    0.353500    1.836900    0.000000   -0.026138    1.870829
  8 11   -0.353500    0.612300    0.000000    1.011722    0.707107
  8 12   -0.707000    0.000000    0.000000    0.808093    0.707106
  8 13    0.000000    2.449200    0.000000    0.012291    2.449490
  8 14   -0.353500    1.836900    0.000000   -0.026139    1.870829
  8 15   -0.707000    1.224600    0.000000   -0.171419    1.414214
  8 16   -1.060500    0.612300    0.000000    0.004138    1.224744
  8 17   -0.707000    2.449200    0.000000   -0.002802    2.549510
  8 18   -1.060500    1.836900    0.000000   -0.010566    2.121320
  8 19   -1.414000    1.224600    0.000000   -0.027110    1.870828
  9  1   -0.707000   -1.224600    0.000000   -0.006701    1.414214
  9  2    0.707000   -1.224600    0.000000   -0.137206    1.414214
  9  3    0.353500   -1.836900    0.000000   -0.021658    1.870829
  9  4   -0.000000   -2.449200    0.000000    0.011990    2.449490
  9  5    0.353500   -0.612300    0.000000    0.807968    0.707107
  9  6   -0.000000   -1.224600    0.000000    0.003503    1.224745
  9  7   -0.353500   -1.836900    0.000000   -0.028338    1.870829
  9  8   -0.707000   -2.449200    0.000000   -0.002803    2.549511
  9 10   -0.353500   -0.612300    0.000000    0.784982    0.707107
  9 11   -1.060500   -1.836900    0.000000   -0.047440    2.121321
  9 12   -1.414000   -2.449200    0.000000    0.007759    2.828427
  9 13   -0.707000   -0.000000    0.000000    0.820837    0.707107
  9 14   -1.060500   -0.612300    0.000000    0.004583    1.224746
  9 15   -1.414000   -1.224600    0.000000   -0.020394    1.870830
  9 16   -1.767500   -1.836900    0.000000   -0.004990    2.549510
  9 17   -1.414000   -0.000000    0.000000   -0.141730    1.414214
  9 18   -1.767500   -0.612300    0.000000   -0.027114    1.870830
  9 19   -2.121000   -1.224600    0.000000    0.011988    2.449490
 10  1   -0.353500   -0.612300    0.000000    0.096696    0.707107
 10  2    1.060500   -0.612300    0.000000    0.003481    1.224745
 10  3    0.707000   -1.224600    0.000000   -0.165039    1.414214
 10  4    0.353500   -1.836900    0.000000   -0.020398    1.870829
 10  5    0.707000    0.000000    0.000000    1.011779    0.707107
 10  6    0.353500   -0.612300    0.000000    0.807206    0.707107
 10  7   -0.000000   -1.224600    0.000000    0.083451    1.224745
 10  8   -0.353500   -1.836900    0.000000   -0.026138    1.870829
 10  9    0.353500    0.612300    0.000000    0.784982    0.707107
 10 11   -0.707000   -1.224600    0.000000   -0.135203    1.414214
 10 12   -1.060500   -1.836900    0.000000   -0.047439    2.121320
 10 13   -0.353500    0.612300    0.000000    0.962682    0.707107
 10 14   -0.707000   -0.000000    0.000000    0.837524    0.707107
 10 15   -1.060500   -0.612300    0.000000    0.083451    1.224746
 10 16   -1.414000   -1.224600    0.000000   -0.021065    1.870829
 10 17   -1.060500    0.612300    0.000000    0.004589    1.224745
 10 18   -1.414000   -0.000000    0.000000   -0.171434    1.414214
 10 19   -1.767500   -0.612300    0.000000   -0.028326    1.870829
 11  1    0.353500    0.612300    0.000000    0.096705    0.707107
 11  2    1.767500    0.612300    0.000000   -0.020399    1.870830
 11  3    1.414000    0.000000    0.000000   -0.165045    1.414214
 11  4    1.060500   -0.612300    0.000000    0.003469    1.224745
 11  5    1.414000    1.224600    0.000000   -0.026141    1.870830
 11  6    1.060500    0.612300    0.000000    0.083448    1.224746
 11  7    0.707000    0.000000    0.000000    0.807390    0.707107
 11  8    0.353500   -0.612300    0.000000    1.011722    0.707107
 11  9    1.060500    1.836900    0.000000   -0.047440    2.121321
 11 10    0.707000    1.224600    0.000000   -0.135203    1.414214
 11 12   -0.353500   -0.612300    0.000000    0.785187    0.707106
 11 13    0.353500    1.836900    0.000000   -0.021071    1.870829
 11 14    0.000000    1.224600    0.000000    0.083461    1.224745
 11 15   -0.353500    0.612300    0.000000    0.837503    0.707107
 11 16   -0.707000    0.000000    0.000000    0.962977    0.707106
 11 17   -0.353500    1.836900    0.000000   -0.028328    1.870829
 11 18   -0.707000    1.224600    0.000000   -0.171434    1.414214
 11 19   -1.060500    0.612300    0.000000    0.004526    1.224744
 12  1    0.707000    1.224600    0.000000   -0.006702    1.414213
 12  2    2.121000    1.224600    0.000000    0.011990    2.449490
 12  3    1.767500    0.612300    0.000000   -0.021652    1.870829
 12  4    1.414000   -0.000000    0.000000   -0.137221    1.414213
 12  5    1.767500    1.836900    0.000000   -0.002803    2.549510
 12  6    1.414000    1.224600    0.000000   -0.028334    1.870829
 12  7    1.060500    0.612300    0.000000    0.003453    1.224744
 12  8    0.707000   -0.000000    0.000000    0.808093    0.707106
 12  9    1.414000    2.449200    0.000000    0.007759    2.828427
 12 10    1.060500    1.836900    0.000000   -0.047439    2.121320
 12 11    0.353500    0.612300    0.000000    0.785187    0.707106
 12 13    0.707000    2.449200    0.000000   -0.004989    2.549510
 12 14    0.353500    1.836900    0.000000   -0.020392    1.870828
 12 15   -0.000000    1.224600    0.000000    0.004520    1.224744
 12 16   -0.353500    0.612300    0.000000    0.820962    0.707107
 12 17   -0.000000    2.449200    0.000000    0.011987    2.449489
 12 18   -0.353500    1.836900    0.000000   -0.027109    1.870828
 12 19   -0.707000    1.224600    0.000000   -0.141801    1.414214
 13  1   -0.000000   -1.224600    0.000000    0.006302    1.224745
 13  2    1.414000   -1.224600    0.000000   -0.021661    1.870829
 13  3    1.060500   -1.836900    0.000000   -0.004285    2.121320
 13  4    0.707000   -2.449200    0.000000   -0.004987    2.549510
 13  5    1.060500   -0.612300    0.000000    0.004148    1.224745
 13  6    0.707000   -1.224600    0.000000   -0.164994    1.414214
 13  7    0.353500   -1.836900    0.000000   -0.021075    1.870829
 13  8   -0.000000   -2.449200    0.000000    0.012291    2.449490
 13  9    0.707000    0.000000    0.000000    0.820837    0.707107
 13 10    0.353500   -0.612300    0.000000    0.962682    0.707107
 13 11   -0.353500   -1.836900    0.000000   -0.021071    1.870829
 13 12   -0.707000   -2.449200    0.000000   -0.004989    2.549510
 13 14   -0.353500   -0.612300    0.000000    0.962714    0.707107
 13 15   -0.707000   -1.224600    0.000000   -0.165012    1.414214
 13 16   -1.060500   -1.836900    0.000000   -0.004286    2.121320
 13 17   -0.707000   -0.000000    0.000000    0.820828    0.707107
 13 18   -1.060500   -0.612300    0.000000    0.004117    1.224746
 13 19   -1.414000   -1.224600    0.000000   -0.021651    1.870829
 14  1    0.353500   -0.612300    0.000000    0.096700    0.707107
 14  2    1.767500   -0.612300    0.000000   -0.028341    1.870829
 14  3    1.414000   -1.224600    0.000000   -0.021072    1.870829
 14  4    1.060500   -1.836900    0.000000   -0.047436    2.121320
 14  5    1.414000    0.000000    0.000000   -0.171426    1.414214
 14  6    1.060500   -0.612300    0.000000    0.083452    1.224745
 14  7    0.707000   -1.224600    0.000000   -0.135207    1.414214
 14  8    0.353500   -1.836900    0.000000   -0.026139    1.870829
 14  9    1.060500    0.612300    0.000000    0.004583    1.224746
 14 10    0.707000    0.000000    0.000000    0.837524    0.707107
 14 11   -0.000000   -1.224600    0.000000    0.083461    1.224745
 14 12   -0.353500   -1.836900    0.000000   -0.020392    1.870828
 14 13    0.353500    0.612300    0.000000    0.962714    0.707107
 14 15   -0.353500   -0.612300    0.000000    0.807308    0.707107
 14 16   -0.707000   -1.224600    0.000000   -0.165055    1.414213
 14 17   -0.353500    0.612300    0.000000    0.784960    0.707107
 14 18   -0.707000   -0.000000    0.000000    1.011801    0.707107
 14 19   -1.060500   -0.612300    0.000000    0.003419    1.224744
 15  1    0.707000    0.000000    0.000000    0.096712    0.707107
 15  2    2.121000    0.000000    0.000000   -0.047445    2.121321
 15  3    1.767500   -0.612300    0.000000   -0.021073    1.870829
 15  4    1.414000   -1.224600    0.000000   -0.028339    1.870829
 15  5    1.767500    0.612300    0.000000   -0.026142    1.870830
 15  6    1.414000    0.000000    0.000000   -0.135191    1.414214
 15  7    1.060500   -0.612300    0.000000    0.083460    1.224745
 15  8    0.707000   -1.224600    0.000000   -0.171419    1.414214
 15  9    1.414000    1.224600    0.000000   -0.020394    1.870830
 15 10    1.060500    0.612300    0.000000    0.083451    1.224746
 15 11    0.353500   -0.612300    0.000000    0.837503    0.707107
 15 12    0.000000   -1.224600    0.000000    0.004520    1.224744
 15 13    0.707000    1.224600    0.000000   -0.165012    1.414214
 15 14    0.353500    0.612300    0.000000    0.807308    0.707107
 15 16   -0.353500   -0.612300    0.000000    0.963012    0.707106
 15 17    0.000000    1.224600    0.000000    0.003455    1.224745
 15 18   -0.353500    0.612300    0.000000    1.011762    0.707107
 15 19   -0.707000    0.000000    0.000000    0.785189    0.707106
 16  1    1.060500    0.612300    0.000000    0.006302    1.224744
 16  2    2.474500    0.612300    0.000000   -0.004990    2.549510
 16  3    2.121000   -0.000000    0.000000   -0.004290    2.121320
 16  4    1.767500   -0.612300    0.000000   -0.021655    1.870828
 16  5    2.121000    1.224600    0.000000    0.012292    2.449490
 16  6    1.767500    0.612300    0.000000   -0.021071    1.870829
 16  7    1.414000   -0.000000    0.000000   -0.165043    1.414213
 16  8    1.060500   -0.612300    0.000000    0.004138    1.224744
 16  9    1.767500    1.836900    0.000000   -0.004990    2.549510
 16 10    1.414000    1.224600    0.000000   -0.021065    1.870829
 16 11    0.707000   -0.000000    0.000000    0.962977    0.707106
 16 12    0.353500   -0.612300    0.000000    0.820962    0.707107
 16 13    1.060500    1.836900    0.000000   -0.004286    2.121320
 16 14    0.707000    1.224600    0.000000   -0.165055    1.414213
 16 15    0.353500    0.612300    0.000000    0.963012    0.707106
 16 17    0.353500    1.836900    0.000000   -0.021652    1.870828
 16 18   -0.000000    1.224600    0.000000    0.004107    1.224744
 16 19   -0.353500    0.612300    0.000000    0.820992    0.707107
 17  1    0.707000   -1.224600    0.000000   -0.006701    1.414214
 17  2    2.121000   -1.224600    0.000000    0.011989    2.449490
 17  3    1.767500   -1.836900    0.000000   -0.004987    2.549510
 17  4    1.414000   -2.449200    0.000000    0.007759    2.828427
 17  5    1.767500   -0.612300    0.000000   -0.027119    1.870829
 17  6    1.414000   -1.224600    0.000000   -0.020399    1.870829
 17  7    1.060500   -1.836900    0.000000   -0.047438    2.121320
 17  8    0.707000   -2.449200    0.000000   -0.002802    2.549510
 17  9    1.414000    0.000000    0.000000   -0.141730    1.414214
 17 10    1.060500   -0.612300    0.000000    0.004589    1.224745
 17 11    0.353500   -1.836900    0.000000   -0.028328    1.870829
 17 12    0.000000   -2.449200    0.000000    0.011987    2.449489
 17 13    0.707000    0.000000    0.000000    0.820828    0.707107
 17 14    0.353500   -0.612300    0.000000    0.784960    0.707107
 17 15   -0.000000   -1.224600    0.000000    0.003455    1.224745
 17 16   -0.353500   -1.836900    0.000000   -0.021652    1.870828
 17 18   -0.353500   -0.612300    0.000000    0.807910    0.707107
 17 19   -0.707000   -1.224600    0.000000   -0.137225    1.414213
 18  1    1.060500   -0.612300    0.000000    0.006470    1.224745
 18  2    2.474500   -0.612300    0.000000   -0.002800    2.549511
 18  3    2.121000   -1.224600    0.000000    0.012288    2.449490
 18  4    1.767500   -1.836900    0.000000   -0.002802    2.549510
 18  5    2.121000    0.000000    0.000000   -0.010562    2.121321
 18  6    1.767500   -0.612300    0.000000   -0.026143    1.870829
 18  7    1.414000   -1.224600    0.000000   -0.026144    1.870829
 18  8    1.060500   -1.836900    0.000000   -0.010566    2.121320
 18  9    1.767500    0.612300    0.000000   -0.027114    1.870830
 18 10    1.414000    0.000000    0.000000   -0.171434    1.414214
 18 11    0.707000   -1.224600    0.000000   -0.171434    1.414214
 18 12    0.353500   -1.836900    0.000000   -0.027109    1.870828
 18 13    1.060500    0.612300    0.000000    0.004117    1.224746
 18 14    0.707000    0.000000    0.000000    1.011801    0.707107
 18 15    0.353500   -0.612300    0.000000    1.011762    0.707107
 18 16    0.000000   -1.224600    0.000000    0.004107    1.224744
 18 17    0.353500    0.612300    0.000000    0.807910    0.707107
 18 19   -0.353500   -0.612300    0.000000    0.807997    0.707106
 19  1    1.414000   -0.000000    0.000000   -0.006702    1.414213
 19  2    2.828000    0.000000    0.000000    0.007760    2.828427
 19  3    2.474500   -0.612300    0.000000   -0.004988    2.549510
 19  4    2.121000   -1.224600    0.000000    0.011988    2.449489
 19  5    2.474500    0.612300    0.000000   -0.002800    2.549510
 19  6    2.121000   -0.000000    0.000000   -0.047446    2.121320
 19  7    1.767500   -0.612300    0.000000   -0.020398    1.870828
 19  8    1.414000   -1.224600    0.000000   -0.027110    1.870828
 19  9    2.121000    1.224600    0.000000    0.011988    2.449490
 19 10    1.767500    0.612300    0.000000   -0.028326    1.870829
 19 11    1.060500   -0.612300    0.000000    0.004526    1.224744
 19 12    0.707000   -1.224600    0.000000   -0.141801    1.414214
 19 13    1.414000    1.224600    0.000000   -0.021651    1.870829
 19 14    1.060500    0.612300    0.000000    0.003419    1.224744
 19 15    0.707000   -0.000000    0.000000    0.785189    0.707106
 19 16    0.353500   -0.612300    0.000000    0.820992    0.707107
 19 17    0.707000    1.224600    0.000000   -0.137225    1.414213
 19 18    0.353500    0.612300    0.000000    0.807997    0.707106
