  1  1   21.210000    12.246000     0.000000
  2  2   22.624000    12.246000     0.000000
  3  3   22.270500    11.633700     0.000000
  4  4   21.917000    11.021400     0.000000
  5  5   22.270500    12.858300     0.000000
  6  6   21.917000    12.246000     0.000000
  7  7   21.563500    11.633700     0.000000
  8  8   21.210000    11.021400     0.000000
  9  9   21.917000    13.470600     0.000000
 10 10   21.563500    12.858300     0.000000
 11 11   20.856500    11.633700     0.000000
 12 12   20.503000    11.021400     0.000000
 13 13   21.210000    13.470600     0.000000
 14 14   20.856500    12.858300     0.000000
 15 15   20.503000    12.246000     0.000000
 16 16   20.149500    11.633700     0.000000
 17 17   20.503000    13.470600     0.000000
 18 18   20.149500    12.858300     0.000000
 19 19   19.796000    12.246000     0.000000
