18

Fe   1.414000    0.000000    0.000000 
Fe   1.060500   -0.612300    0.000000 
Fe   0.707000   -1.224600    0.000000 
Fe   1.060500    0.612300    0.000000 
Fe   0.707000    0.000000    0.000000 
Fe   0.353500   -0.612300    0.000000 
Fe  -0.000000   -1.224600    0.000000 
Fe   0.707000    1.224600    0.000000 
Fe   0.353500    0.612300    0.000000 
Fe  -0.353500   -0.612300    0.000000 
Fe  -0.707000   -1.224600    0.000000 
Fe   0.000000    1.224600    0.000000 
Fe  -0.353500    0.612300    0.000000 
Fe  -0.707000   -0.000000    0.000000 
Fe  -1.060500   -0.612300    0.000000 
Fe  -0.707000    1.224600    0.000000 
Fe  -1.060500    0.612300    0.000000 
Fe  -1.414000    0.000000    0.000000 
