#19
#
Co    51.611000    30.615000     0.000000
Co    51.964500    31.227300     0.000000
Co    52.318000    31.839600     0.000000
Co    51.964500    30.002700     0.000000
Co    52.318000    30.615000     0.000000
Co    52.671500    31.227300     0.000000
Co    53.025000    31.839600     0.000000
Co    52.318000    29.390400     0.000000
Co    52.671500    30.002700     0.000000
Co    53.025000    30.615000     0.000000
Co    53.378500    31.227300     0.000000
Co    53.732000    31.839600     0.000000
Co    53.025000    29.390400     0.000000
Co    53.378500    30.002700     0.000000
Co    53.732000    30.615000     0.000000
Co    54.085500    31.227300     0.000000
Co    53.732000    29.390400     0.000000
Co    54.085500    30.002700     0.000000
Co    54.439000    30.615000     0.000000
