  1  2    1.414000    0.000000    0.000000   -0.000876    0.000452   -0.005147    1.414214
  1  3    1.060500   -0.612300    0.000000    0.000324    0.000561   -0.000000    1.224745
  1  4    0.707000   -1.224600    0.000000    0.000829   -0.000533    0.005148    1.414214
  1  5    1.060500    0.612300    0.000000   -0.000168    0.000290   -0.000002    1.224746
  1  6    0.707000    0.000000    0.000000    0.002540    0.000443    0.022201    0.707107
  1  7    0.353500   -0.612300    0.000000   -0.000885    0.002422   -0.022201    0.707107
  1  8   -0.000000   -1.224600    0.000000    0.000335   -0.000001    0.000001    1.224745
  1  9    0.707000    1.224600    0.000000    0.000046    0.000985    0.005145    1.414214
  1 10    0.353500    0.612300    0.000000   -0.001655   -0.001978   -0.022200    0.707107
  1 11   -0.353500   -0.612300    0.000000   -0.000886   -0.002422    0.022195    0.707107
  1 12   -0.707000   -1.224600    0.000000    0.000829    0.000533   -0.005145    1.414213
  1 13    0.000000    1.224600    0.000000   -0.000647   -0.000001    0.000001    1.224745
  1 14   -0.353500    0.612300    0.000000   -0.001655    0.001978    0.022198    0.707107
  1 15   -0.707000   -0.000000    0.000000    0.002539   -0.000442   -0.022197    0.707107
  1 16   -1.060500   -0.612300    0.000000    0.000324   -0.000562    0.000001    1.224744
  1 17   -0.707000    1.224600    0.000000    0.000046   -0.000984   -0.005145    1.414214
  1 18   -1.060500    0.612300    0.000000   -0.000168   -0.000290    0.000002    1.224745
  1 19   -1.414000    0.000000    0.000000   -0.000876   -0.000452    0.005147    1.414213
  2  1   -1.414000   -0.000000    0.000000    0.000876   -0.000452    0.005147    1.414214
  2  3   -0.353500   -0.612300    0.000000    0.033235   -0.020503    0.021504    0.707107
  2  4   -0.707000   -1.224600    0.000000   -0.008453    0.004880    0.000183    1.414214
  2  5   -0.353500    0.612300    0.000000   -0.038369   -0.021962    0.018532    0.707107
  2  6   -0.707000   -0.000000    0.000000   -0.001451   -0.050125   -0.018079    0.707107
  2  7   -1.060500   -0.612300    0.000000   -0.008560    0.008225   -0.003308    1.224746
  2  8   -1.414000   -1.224600    0.000000    0.002812   -0.003842    0.000519    1.870830
  2  9   -0.707000    1.224600    0.000000    0.006605    0.003814    0.000187    1.414214
  2 10   -1.060500    0.612300    0.000000    0.003002    0.015930    0.001211    1.224745
  2 11   -1.767500   -0.612300    0.000000   -0.000571   -0.003342   -0.001118    1.870830
  2 12   -2.121000   -1.224600    0.000000    0.000197   -0.000899    0.000210    2.449490
  2 13   -1.414000    1.224600    0.000000   -0.003608   -0.004020   -0.000553    1.870829
  2 14   -1.767500    0.612300    0.000000   -0.001138   -0.002373   -0.001386    1.870829
  2 15   -2.121000   -0.000000    0.000000   -0.001293    0.002373    0.001353    2.121321
  2 16   -2.474500   -0.612300    0.000000    0.000934   -0.000800    0.000495    2.549510
  2 17   -2.121000    1.224600    0.000000   -0.000680   -0.000623   -0.000211    2.449490
  2 18   -2.474500    0.612300    0.000000   -0.000874    0.000762    0.000669    2.549511
  2 19   -2.828000   -0.000000    0.000000   -0.000001   -0.002373    0.000064    2.828427
  3  1   -1.060500    0.612300    0.000000   -0.000324   -0.000561    0.000000    1.224745
  3  2    0.353500    0.612300    0.000000   -0.033235    0.020503   -0.021504    0.707107
  3  4   -0.353500   -0.612300    0.000000    0.034360   -0.018528    0.021609    0.707107
  3  5    0.000000    1.224600    0.000000    0.010722    0.002496    0.000721    1.224745
  3  6   -0.353500    0.612300    0.000000   -0.033880   -0.025346    0.024603    0.707107
  3  7   -0.707000   -0.000000    0.000000   -0.005015   -0.042014   -0.024606    0.707107
  3  8   -1.060500   -0.612300    0.000000   -0.003200    0.010535   -0.000721    1.224746
  3  9   -0.353500    1.836900    0.000000   -0.005285   -0.001115   -0.000565    1.870829
  3 10   -0.707000    1.224600    0.000000    0.007449    0.004089    0.001790    1.414214
  3 11   -1.414000   -0.000000    0.000000   -0.000186    0.008500   -0.001789    1.414214
  3 12   -1.767500   -0.612300    0.000000    0.001678   -0.005134    0.000567    1.870829
  3 13   -1.060500    1.836900    0.000000   -0.005523   -0.003183   -0.001495    2.121320
  3 14   -1.414000    1.224600    0.000000   -0.000833    0.001592    0.001786    1.870829
  3 15   -1.767500    0.612300    0.000000    0.001796    0.000075   -0.001786    1.870829
  3 16   -2.121000    0.000000    0.000000    0.000003   -0.006376    0.001496    2.121320
  3 17   -1.767500    1.836900    0.000000   -0.000226   -0.001208   -0.000498    2.549510
  3 18   -2.121000    1.224600    0.000000   -0.000478   -0.000830   -0.000000    2.449490
  3 19   -2.474500    0.612300    0.000000   -0.000933   -0.000800    0.000497    2.549510
  4  1   -0.707000    1.224600    0.000000   -0.000829    0.000533   -0.005148    1.414214
  4  2    0.707000    1.224600    0.000000    0.008453   -0.004880   -0.000183    1.414214
  4  3    0.353500    0.612300    0.000000   -0.034360    0.018528   -0.021609    0.707107
  4  5    0.353500    1.836900    0.000000   -0.004734    0.000516   -0.000520    1.870829
  4  6    0.000000    1.224600    0.000000    0.011406   -0.003302    0.003308    1.224745
  4  7   -0.353500    0.612300    0.000000   -0.042681   -0.026322    0.018091    0.707107
  4  8   -0.707000   -0.000000    0.000000    0.000166   -0.044199   -0.018525    0.707107
  4  9    0.000000    2.449200    0.000000   -0.000876   -0.000280   -0.000212    2.449490
  4 10   -0.353500    1.836900    0.000000   -0.002607   -0.002169    0.001117    1.870829
  4 11   -1.060500    0.612300    0.000000    0.012292    0.010566   -0.001210    1.224745
  4 12   -1.414000    0.000000    0.000000   -0.000000    0.007623   -0.000177    1.414213
  4 13   -0.707000    2.449200    0.000000   -0.001159    0.000409   -0.000496    2.549510
  4 14   -1.060500    1.836900    0.000000    0.002702    0.000068   -0.001353    2.121320
  4 15   -1.414000    1.224600    0.000000   -0.001484   -0.002168    0.001386    1.870829
  4 16   -1.767500    0.612300    0.000000   -0.001675   -0.005135    0.000552    1.870828
  4 17   -1.414000    2.449200    0.000000   -0.002052   -0.001186   -0.000064    2.828427
  4 18   -1.767500    1.836900    0.000000    0.001098   -0.000378   -0.000668    2.549510
  4 19   -2.121000    1.224600    0.000000   -0.000197   -0.000899    0.000211    2.449489
  5  1   -1.060500   -0.612300    0.000000    0.000168   -0.000290    0.000002    1.224746
  5  2    0.353500   -0.612300    0.000000    0.038369    0.021962   -0.018532    0.707107
  5  3   -0.000000   -1.224600    0.000000   -0.010722   -0.002496   -0.000721    1.224745
  5  4   -0.353500   -1.836900    0.000000    0.004734   -0.000516    0.000520    1.870829
  5  6   -0.353500   -0.612300    0.000000    0.044743   -0.031636    0.012135    0.707107
  5  7   -0.707000   -1.224600    0.000000   -0.010089    0.001493   -0.002973    1.414214
  5  8   -1.060500   -1.836900    0.000000    0.003655   -0.002110    0.000263    2.121321
  5  9   -0.353500    0.612300    0.000000   -0.038186   -0.022245    0.018667    0.707107
  5 10   -0.707000   -0.000000    0.000000    0.005026   -0.054563   -0.012128    0.707107
  5 11   -1.414000   -1.224600    0.000000    0.001730    0.001807    0.002915    1.870830
  5 12   -1.767500   -1.836900    0.000000   -0.001095   -0.000376   -0.000663    2.549510
  5 13   -1.060500    0.612300    0.000000    0.007523    0.008036    0.000718    1.224745
  5 14   -1.414000   -0.000000    0.000000    0.003751    0.009487    0.002966    1.414214
  5 15   -1.767500   -0.612300    0.000000   -0.002429   -0.000592   -0.002915    1.870830
  5 16   -2.121000   -1.224600    0.000000    0.000477   -0.000825   -0.000000    2.449490
  5 17   -1.767500    0.612300    0.000000   -0.001927   -0.004357   -0.000556    1.870829
  5 18   -2.121000   -0.000000    0.000000    0.000004   -0.004226   -0.000263    2.121321
  5 19   -2.474500   -0.612300    0.000000    0.000871    0.000760    0.000663    2.549510
  6  1   -0.707000   -0.000000    0.000000   -0.002540   -0.000443   -0.022201    0.707107
  6  2    0.707000    0.000000    0.000000    0.001451    0.050125    0.018079    0.707107
  6  3    0.353500   -0.612300    0.000000    0.033880    0.025346   -0.024603    0.707107
  6  4   -0.000000   -1.224600    0.000000   -0.011406    0.003302   -0.003308    1.224745
  6  5    0.353500    0.612300    0.000000   -0.044743    0.031636   -0.012135    0.707107
  6  7   -0.353500   -0.612300    0.000000    0.035703   -0.020612   -0.001906    0.707107
  6  8   -0.707000   -1.224600    0.000000   -0.006301    0.007959   -0.003273    1.414214
  6  9    0.000000    1.224600    0.000000    0.015264   -0.005342    0.001536    1.224745
  6 10   -0.353500    0.612300    0.000000   -0.032646   -0.018849    0.015294    0.707107
  6 11   -1.060500   -0.612300    0.000000   -0.008640   -0.001974   -0.007315    1.224746
  6 12   -1.414000   -1.224600    0.000000    0.001464   -0.002194    0.001414    1.870829
  6 13   -0.707000    1.224600    0.000000    0.007263    0.004382    0.001233    1.414214
  6 14   -1.060500    0.612300    0.000000   -0.006026    0.006497    0.007311    1.224745
  6 15   -1.414000   -0.000000    0.000000   -0.000000   -0.012248   -0.005485    1.414214
  6 16   -1.767500   -0.612300    0.000000   -0.001773    0.000069   -0.001985    1.870829
  6 17   -1.414000    1.224600    0.000000   -0.003161   -0.001180    0.001208    1.870829
  6 18   -1.767500    0.612300    0.000000    0.002428   -0.000616   -0.002515    1.870829
  6 19   -2.121000    0.000000    0.000000    0.001297    0.002362    0.001429    2.121320
  7  1   -0.353500    0.612300    0.000000    0.000885   -0.002422    0.022201    0.707107
  7  2    1.060500    0.612300    0.000000    0.008560   -0.008225    0.003308    1.224746
  7  3    0.707000    0.000000    0.000000    0.005015    0.042014    0.024606    0.707107
  7  4    0.353500   -0.612300    0.000000    0.042681    0.026322   -0.018091    0.707107
  7  5    0.707000    1.224600    0.000000    0.010089   -0.001493    0.002973    1.414214
  7  6    0.353500    0.612300    0.000000   -0.035703    0.020612    0.001906    0.707107
  7  8   -0.353500   -0.612300    0.000000    0.049662   -0.022955    0.012867    0.707107
  7  9    0.353500    1.836900    0.000000   -0.002634    0.000170   -0.001414    1.870829
  7 10    0.000000    1.224600    0.000000    0.002613   -0.008472    0.007314    1.224745
  7 11   -0.707000   -0.000000    0.000000   -0.000002   -0.037696   -0.015302    0.707107
  7 12   -1.060500   -0.612300    0.000000   -0.012263    0.010545   -0.001534    1.224744
  7 13   -0.353500    1.836900    0.000000    0.000944   -0.001504    0.001985    1.870829
  7 14   -0.707000    1.224600    0.000000   -0.010604   -0.006123    0.005485    1.414214
  7 15   -1.060500    0.612300    0.000000    0.008641   -0.001974   -0.007313    1.224745
  7 16   -1.414000    0.000000    0.000000    0.000171    0.008482   -0.001224    1.414213
  7 17   -1.060500    1.836900    0.000000    0.001396    0.002305   -0.001430    2.121320
  7 18   -1.414000    1.224600    0.000000   -0.001747    0.001794    0.002515    1.870829
  7 19   -1.767500    0.612300    0.000000    0.000561   -0.003329   -0.001210    1.870828
  8  1    0.000000    1.224600    0.000000   -0.000335    0.000001   -0.000001    1.224745
  8  2    1.414000    1.224600    0.000000   -0.002812    0.003842   -0.000519    1.870830
  8  3    1.060500    0.612300    0.000000    0.003200   -0.010535    0.000721    1.224746
  8  4    0.707000    0.000000    0.000000   -0.000166    0.044199    0.018525    0.707107
  8  5    1.060500    1.836900    0.000000   -0.003655    0.002110   -0.000263    2.121321
  8  6    0.707000    1.224600    0.000000    0.006301   -0.007959    0.003273    1.414214
  8  7    0.353500    0.612300    0.000000   -0.049662    0.022955   -0.012867    0.707107
  8  9    0.707000    2.449200    0.000000    0.000222   -0.001136    0.000666    2.549511
  8 10    0.353500    1.836900    0.000000    0.000703    0.002403   -0.002916    1.870829
  8 11   -0.353500    0.612300    0.000000   -0.049771   -0.022930    0.012140    0.707107
  8 12   -0.707000    0.000000    0.000000   -0.000167   -0.044186   -0.018674    0.707106
  8 13    0.000000    2.449200    0.000000   -0.000952    0.000000    0.000000    2.449490
  8 14   -0.353500    1.836900    0.000000    0.000703   -0.002402    0.002915    1.870829
  8 15   -0.707000    1.224600    0.000000    0.006339    0.007990   -0.002968    1.414214
  8 16   -1.060500    0.612300    0.000000    0.003198    0.010534   -0.000719    1.224744
  8 17   -0.707000    2.449200    0.000000    0.000221    0.001135   -0.000665    2.549510
  8 18   -1.060500    1.836900    0.000000   -0.003660   -0.002107    0.000263    2.121320
  8 19   -1.414000    1.224600    0.000000   -0.002812   -0.003841    0.000557    1.870828
  9  1   -0.707000   -1.224600    0.000000   -0.000046   -0.000985   -0.005145    1.414214
  9  2    0.707000   -1.224600    0.000000   -0.006605   -0.003814   -0.000187    1.414214
  9  3    0.353500   -1.836900    0.000000    0.005285    0.001115    0.000565    1.870829
  9  4   -0.000000   -2.449200    0.000000    0.000876    0.000280    0.000212    2.449490
  9  5    0.353500   -0.612300    0.000000    0.038186    0.022245   -0.018667    0.707107
  9  6   -0.000000   -1.224600    0.000000   -0.015264    0.005342   -0.001536    1.224745
  9  7   -0.353500   -1.836900    0.000000    0.002634   -0.000170    0.001414    1.870829
  9  8   -0.707000   -2.449200    0.000000   -0.000222    0.001136   -0.000666    2.549511
  9 10   -0.353500   -0.612300    0.000000    0.044129   -0.023791    0.018086    0.707107
  9 11   -1.060500   -1.836900    0.000000   -0.001409    0.002306   -0.001354    2.121321
  9 12   -1.414000   -2.449200    0.000000    0.002053   -0.001186   -0.000064    2.828427
  9 13   -0.707000   -0.000000    0.000000    0.001129   -0.039042   -0.021488    0.707107
  9 14   -1.060500   -0.612300    0.000000   -0.002834    0.011511    0.003310    1.224746
  9 15   -1.414000   -1.224600    0.000000    0.003179   -0.001177    0.001116    1.870830
  9 16   -1.767500   -1.836900    0.000000    0.000225   -0.001207   -0.000496    2.549510
  9 17   -1.414000   -0.000000    0.000000   -0.000002    0.009755   -0.000186    1.414214
  9 18   -1.767500   -0.612300    0.000000    0.001927   -0.004358   -0.000517    1.870830
  9 19   -2.121000   -1.224600    0.000000    0.000680   -0.000621   -0.000210    2.449490
 10  1   -0.353500   -0.612300    0.000000    0.001655    0.001978    0.022200    0.707107
 10  2    1.060500   -0.612300    0.000000   -0.003002   -0.015930   -0.001211    1.224745
 10  3    0.707000   -1.224600    0.000000   -0.007449   -0.004089   -0.001790    1.414214
 10  4    0.353500   -1.836900    0.000000    0.002607    0.002169   -0.001117    1.870829
 10  5    0.707000    0.000000    0.000000   -0.005026    0.054563    0.012128    0.707107
 10  6    0.353500   -0.612300    0.000000    0.032646    0.018849   -0.015294    0.707107
 10  7   -0.000000   -1.224600    0.000000   -0.002613    0.008472   -0.007314    1.224745
 10  8   -0.353500   -1.836900    0.000000   -0.000703   -0.002403    0.002916    1.870829
 10  9    0.353500    0.612300    0.000000   -0.044129    0.023791   -0.018086    0.707107
 10 11   -0.707000   -1.224600    0.000000    0.010603   -0.006121    0.005486    1.414214
 10 12   -1.060500   -1.836900    0.000000   -0.002696    0.000060   -0.001430    2.121320
 10 13   -0.353500    0.612300    0.000000   -0.038846   -0.016637    0.024869    0.707107
 10 14   -0.707000   -0.000000    0.000000   -0.000003   -0.041228    0.001916    0.707107
 10 15   -1.060500   -0.612300    0.000000    0.006028    0.006495    0.007313    1.224746
 10 16   -1.414000   -1.224600    0.000000    0.000828    0.001570    0.001984    1.870829
 10 17   -1.060500    0.612300    0.000000    0.002791    0.011456    0.002632    1.224745
 10 18   -1.414000   -0.000000    0.000000   -0.003740    0.009437    0.003273    1.414214
 10 19   -1.767500   -0.612300    0.000000    0.001170   -0.002367   -0.001416    1.870829
 11  1    0.353500    0.612300    0.000000    0.000886    0.002422   -0.022195    0.707107
 11  2    1.767500    0.612300    0.000000    0.000571    0.003342    0.001118    1.870830
 11  3    1.414000    0.000000    0.000000    0.000186   -0.008500    0.001789    1.414214
 11  4    1.060500   -0.612300    0.000000   -0.012292   -0.010566    0.001210    1.224745
 11  5    1.414000    1.224600    0.000000   -0.001730   -0.001807   -0.002915    1.870830
 11  6    1.060500    0.612300    0.000000    0.008640    0.001974    0.007315    1.224746
 11  7    0.707000    0.000000    0.000000    0.000002    0.037696    0.015302    0.707107
 11  8    0.353500   -0.612300    0.000000    0.049771    0.022930   -0.012140    0.707107
 11  9    1.060500    1.836900    0.000000    0.001409   -0.002306    0.001354    2.121321
 11 10    0.707000    1.224600    0.000000   -0.010603    0.006121   -0.005486    1.414214
 11 12   -0.353500   -0.612300    0.000000    0.042537   -0.026297    0.019898    0.707106
 11 13    0.353500    1.836900    0.000000    0.000944    0.001503   -0.001985    1.870829
 11 14    0.000000    1.224600    0.000000    0.002612    0.008472   -0.007316    1.224745
 11 15   -0.353500    0.612300    0.000000   -0.035706   -0.020615   -0.001904    0.707107
 11 16   -0.707000    0.000000    0.000000    0.005015   -0.041966   -0.024874    0.707106
 11 17   -0.353500    1.836900    0.000000   -0.002631   -0.000169    0.001415    1.870829
 11 18   -0.707000    1.224600    0.000000    0.010039    0.001477   -0.003278    1.414214
 11 19   -1.060500    0.612300    0.000000    0.008529    0.008155   -0.002631    1.224744
 12  1    0.707000    1.224600    0.000000   -0.000829   -0.000533    0.005145    1.414213
 12  2    2.121000    1.224600    0.000000   -0.000197    0.000899   -0.000210    2.449490
 12  3    1.767500    0.612300    0.000000   -0.001678    0.005134   -0.000567    1.870829
 12  4    1.414000   -0.000000    0.000000    0.000000   -0.007623    0.000177    1.414213
 12  5    1.767500    1.836900    0.000000    0.001095    0.000376    0.000663    2.549510
 12  6    1.414000    1.224600    0.000000   -0.001464    0.002194   -0.001414    1.870829
 12  7    1.060500    0.612300    0.000000    0.012263   -0.010545    0.001534    1.224744
 12  8    0.707000   -0.000000    0.000000    0.000167    0.044186    0.018674    0.707106
 12  9    1.414000    2.449200    0.000000   -0.002053    0.001186    0.000064    2.828427
 12 10    1.060500    1.836900    0.000000    0.002696   -0.000060    0.001430    2.121320
 12 11    0.353500    0.612300    0.000000   -0.042537    0.026297   -0.019898    0.707106
 12 13    0.707000    2.449200    0.000000   -0.001159   -0.000409    0.000497    2.549510
 12 14    0.353500    1.836900    0.000000   -0.002608    0.002169   -0.001117    1.870828
 12 15   -0.000000    1.224600    0.000000    0.011398    0.003299   -0.003310    1.224744
 12 16   -0.353500    0.612300    0.000000   -0.034364   -0.018525    0.021504    0.707107
 12 17   -0.000000    2.449200    0.000000   -0.000875    0.000280    0.000211    2.449489
 12 18   -0.353500    1.836900    0.000000   -0.004735   -0.000516    0.000519    1.870828
 12 19   -0.707000    1.224600    0.000000    0.008456    0.004879    0.000177    1.414214
 13  1   -0.000000   -1.224600    0.000000    0.000647    0.000001   -0.000001    1.224745
 13  2    1.414000   -1.224600    0.000000    0.003608    0.004020    0.000553    1.870829
 13  3    1.060500   -1.836900    0.000000    0.005523    0.003183    0.001495    2.121320
 13  4    0.707000   -2.449200    0.000000    0.001159   -0.000409    0.000496    2.549510
 13  5    1.060500   -0.612300    0.000000   -0.007523   -0.008036   -0.000718    1.224745
 13  6    0.707000   -1.224600    0.000000   -0.007263   -0.004382   -0.001233    1.414214
 13  7    0.353500   -1.836900    0.000000   -0.000944    0.001504   -0.001985    1.870829
 13  8   -0.000000   -2.449200    0.000000    0.000952   -0.000000    0.000000    2.449490
 13  9    0.707000    0.000000    0.000000   -0.001129    0.039042    0.021488    0.707107
 13 10    0.353500   -0.612300    0.000000    0.038846    0.016637   -0.024869    0.707107
 13 11   -0.353500   -1.836900    0.000000   -0.000944   -0.001503    0.001985    1.870829
 13 12   -0.707000   -2.449200    0.000000    0.001159    0.000409   -0.000497    2.549510
 13 14   -0.353500   -0.612300    0.000000    0.038883   -0.016657    0.024602    0.707107
 13 15   -0.707000   -1.224600    0.000000   -0.007271    0.004405    0.001794    1.414214
 13 16   -1.060500   -1.836900    0.000000    0.005523   -0.003185   -0.001496    2.121320
 13 17   -0.707000   -0.000000    0.000000   -0.001126   -0.039031   -0.021586    0.707107
 13 18   -1.060500   -0.612300    0.000000   -0.007522    0.008041    0.000722    1.224746
 13 19   -1.414000   -1.224600    0.000000    0.003606   -0.004021   -0.000570    1.870829
 14  1    0.353500   -0.612300    0.000000    0.001655   -0.001978   -0.022198    0.707107
 14  2    1.767500   -0.612300    0.000000    0.001138    0.002373    0.001386    1.870829
 14  3    1.414000   -1.224600    0.000000    0.000833   -0.001592   -0.001786    1.870829
 14  4    1.060500   -1.836900    0.000000   -0.002702   -0.000068    0.001353    2.121320
 14  5    1.414000    0.000000    0.000000   -0.003751   -0.009487   -0.002966    1.414214
 14  6    1.060500   -0.612300    0.000000    0.006026   -0.006497   -0.007311    1.224745
 14  7    0.707000   -1.224600    0.000000    0.010604    0.006123   -0.005485    1.414214
 14  8    0.353500   -1.836900    0.000000   -0.000703    0.002402   -0.002915    1.870829
 14  9    1.060500    0.612300    0.000000    0.002834   -0.011511   -0.003310    1.224746
 14 10    0.707000    0.000000    0.000000    0.000003    0.041228   -0.001916    0.707107
 14 11   -0.000000   -1.224600    0.000000   -0.002612   -0.008472    0.007316    1.224745
 14 12   -0.353500   -1.836900    0.000000    0.002608   -0.002169    0.001117    1.870828
 14 13    0.353500    0.612300    0.000000   -0.038883    0.016657   -0.024602    0.707107
 14 15   -0.353500   -0.612300    0.000000    0.032648   -0.018849    0.015291    0.707107
 14 16   -0.707000   -1.224600    0.000000   -0.007427    0.004098    0.001225    1.414213
 14 17   -0.353500    0.612300    0.000000   -0.044029   -0.023680    0.019903    0.707107
 14 18   -0.707000   -0.000000    0.000000   -0.004951   -0.054467   -0.012855    0.707107
 14 19   -1.060500   -0.612300    0.000000   -0.003005    0.015895    0.001538    1.224744
 15  1    0.707000    0.000000    0.000000   -0.002539    0.000442    0.022197    0.707107
 15  2    2.121000    0.000000    0.000000    0.001293   -0.002373   -0.001353    2.121321
 15  3    1.767500   -0.612300    0.000000   -0.001796   -0.000075    0.001786    1.870829
 15  4    1.414000   -1.224600    0.000000    0.001484    0.002168   -0.001386    1.870829
 15  5    1.767500    0.612300    0.000000    0.002429    0.000592    0.002915    1.870830
 15  6    1.414000    0.000000    0.000000    0.000000    0.012248    0.005485    1.414214
 15  7    1.060500   -0.612300    0.000000   -0.008641    0.001974    0.007313    1.224745
 15  8    0.707000   -1.224600    0.000000   -0.006339   -0.007990    0.002968    1.414214
 15  9    1.414000    1.224600    0.000000   -0.003179    0.001177   -0.001116    1.870830
 15 10    1.060500    0.612300    0.000000   -0.006028   -0.006495   -0.007313    1.224746
 15 11    0.353500   -0.612300    0.000000    0.035706    0.020615    0.001904    0.707107
 15 12    0.000000   -1.224600    0.000000   -0.011398   -0.003299    0.003310    1.224744
 15 13    0.707000    1.224600    0.000000    0.007271   -0.004405   -0.001794    1.414214
 15 14    0.353500    0.612300    0.000000   -0.032648    0.018849   -0.015291    0.707107
 15 16   -0.353500   -0.612300    0.000000    0.033841   -0.025323    0.024871    0.707106
 15 17    0.000000    1.224600    0.000000    0.015266    0.005337   -0.001542    1.224745
 15 18   -0.353500    0.612300    0.000000   -0.044696   -0.031520    0.012860    0.707107
 15 19   -0.707000    0.000000    0.000000    0.001498   -0.049979   -0.019890    0.707106
 16  1    1.060500    0.612300    0.000000   -0.000324    0.000562   -0.000001    1.224744
 16  2    2.474500    0.612300    0.000000   -0.000934    0.000800   -0.000495    2.549510
 16  3    2.121000   -0.000000    0.000000   -0.000003    0.006376   -0.001496    2.121320
 16  4    1.767500   -0.612300    0.000000    0.001675    0.005135   -0.000552    1.870828
 16  5    2.121000    1.224600    0.000000   -0.000477    0.000825    0.000000    2.449490
 16  6    1.767500    0.612300    0.000000    0.001773   -0.000069    0.001985    1.870829
 16  7    1.414000   -0.000000    0.000000   -0.000171   -0.008482    0.001224    1.414213
 16  8    1.060500   -0.612300    0.000000   -0.003198   -0.010534    0.000719    1.224744
 16  9    1.767500    1.836900    0.000000   -0.000225    0.001207    0.000496    2.549510
 16 10    1.414000    1.224600    0.000000   -0.000828   -0.001570   -0.001984    1.870829
 16 11    0.707000   -0.000000    0.000000   -0.005015    0.041966    0.024874    0.707106
 16 12    0.353500   -0.612300    0.000000    0.034364    0.018525   -0.021504    0.707107
 16 13    1.060500    1.836900    0.000000   -0.005523    0.003185    0.001496    2.121320
 16 14    0.707000    1.224600    0.000000    0.007427   -0.004098   -0.001225    1.414213
 16 15    0.353500    0.612300    0.000000   -0.033841    0.025323   -0.024871    0.707106
 16 17    0.353500    1.836900    0.000000   -0.005284    0.001114    0.000567    1.870828
 16 18   -0.000000    1.224600    0.000000    0.010726   -0.002495   -0.000724    1.224744
 16 19   -0.353500    0.612300    0.000000   -0.033220   -0.020490    0.021598    0.707107
 17  1    0.707000   -1.224600    0.000000   -0.000046    0.000984    0.005145    1.414214
 17  2    2.121000   -1.224600    0.000000    0.000680    0.000623    0.000211    2.449490
 17  3    1.767500   -1.836900    0.000000    0.000226    0.001208    0.000498    2.549510
 17  4    1.414000   -2.449200    0.000000    0.002052    0.001186    0.000064    2.828427
 17  5    1.767500   -0.612300    0.000000    0.001927    0.004357    0.000556    1.870829
 17  6    1.414000   -1.224600    0.000000    0.003161    0.001180   -0.001208    1.870829
 17  7    1.060500   -1.836900    0.000000   -0.001396   -0.002305    0.001430    2.121320
 17  8    0.707000   -2.449200    0.000000   -0.000221   -0.001135    0.000665    2.549510
 17  9    1.414000    0.000000    0.000000    0.000002   -0.009755    0.000186    1.414214
 17 10    1.060500   -0.612300    0.000000   -0.002791   -0.011456   -0.002632    1.224745
 17 11    0.353500   -1.836900    0.000000    0.002631    0.000169   -0.001415    1.870829
 17 12    0.000000   -2.449200    0.000000    0.000875   -0.000280   -0.000211    2.449489
 17 13    0.707000    0.000000    0.000000    0.001126    0.039031    0.021586    0.707107
 17 14    0.353500   -0.612300    0.000000    0.044029    0.023680   -0.019903    0.707107
 17 15   -0.000000   -1.224600    0.000000   -0.015266   -0.005337    0.001542    1.224745
 17 16   -0.353500   -1.836900    0.000000    0.005284   -0.001114   -0.000567    1.870828
 17 18   -0.353500   -0.612300    0.000000    0.038184   -0.022243    0.018500    0.707107
 17 19   -0.707000   -1.224600    0.000000   -0.006606    0.003816    0.000180    1.414213
 18  1    1.060500   -0.612300    0.000000    0.000168    0.000290   -0.000002    1.224745
 18  2    2.474500   -0.612300    0.000000    0.000874   -0.000762   -0.000669    2.549511
 18  3    2.121000   -1.224600    0.000000    0.000478    0.000830    0.000000    2.449490
 18  4    1.767500   -1.836900    0.000000   -0.001098    0.000378    0.000668    2.549510
 18  5    2.121000    0.000000    0.000000   -0.000004    0.004226    0.000263    2.121321
 18  6    1.767500   -0.612300    0.000000   -0.002428    0.000616    0.002515    1.870829
 18  7    1.414000   -1.224600    0.000000    0.001747   -0.001794   -0.002515    1.870829
 18  8    1.060500   -1.836900    0.000000    0.003660    0.002107   -0.000263    2.121320
 18  9    1.767500    0.612300    0.000000   -0.001927    0.004358    0.000517    1.870830
 18 10    1.414000    0.000000    0.000000    0.003740   -0.009437   -0.003273    1.414214
 18 11    0.707000   -1.224600    0.000000   -0.010039   -0.001477    0.003278    1.414214
 18 12    0.353500   -1.836900    0.000000    0.004735    0.000516   -0.000519    1.870828
 18 13    1.060500    0.612300    0.000000    0.007522   -0.008041   -0.000722    1.224746
 18 14    0.707000    0.000000    0.000000    0.004951    0.054467    0.012855    0.707107
 18 15    0.353500   -0.612300    0.000000    0.044696    0.031520   -0.012860    0.707107
 18 16    0.000000   -1.224600    0.000000   -0.010726    0.002495    0.000724    1.224744
 18 17    0.353500    0.612300    0.000000   -0.038184    0.022243   -0.018500    0.707107
 18 19   -0.353500   -0.612300    0.000000    0.038345   -0.021951    0.018671    0.707106
 19  1    1.414000   -0.000000    0.000000    0.000876    0.000452   -0.005147    1.414213
 19  2    2.828000    0.000000    0.000000    0.000001    0.002373   -0.000064    2.828427
 19  3    2.474500   -0.612300    0.000000    0.000933    0.000800   -0.000497    2.549510
 19  4    2.121000   -1.224600    0.000000    0.000197    0.000899   -0.000211    2.449489
 19  5    2.474500    0.612300    0.000000   -0.000871   -0.000760   -0.000663    2.549510
 19  6    2.121000   -0.000000    0.000000   -0.001297   -0.002362   -0.001429    2.121320
 19  7    1.767500   -0.612300    0.000000   -0.000561    0.003329    0.001210    1.870828
 19  8    1.414000   -1.224600    0.000000    0.002812    0.003841   -0.000557    1.870828
 19  9    2.121000    1.224600    0.000000   -0.000680    0.000621    0.000210    2.449490
 19 10    1.767500    0.612300    0.000000   -0.001170    0.002367    0.001416    1.870829
 19 11    1.060500   -0.612300    0.000000   -0.008529   -0.008155    0.002631    1.224744
 19 12    0.707000   -1.224600    0.000000   -0.008456   -0.004879   -0.000177    1.414214
 19 13    1.414000    1.224600    0.000000   -0.003606    0.004021    0.000570    1.870829
 19 14    1.060500    0.612300    0.000000    0.003005   -0.015895   -0.001538    1.224744
 19 15    0.707000   -0.000000    0.000000   -0.001498    0.049979    0.019890    0.707106
 19 16    0.353500   -0.612300    0.000000    0.033220    0.020490   -0.021598    0.707107
 19 17    0.707000    1.224600    0.000000    0.006606   -0.003816   -0.000180    1.414213
 19 18    0.353500    0.612300    0.000000   -0.038345    0.021951   -0.018671    0.707106
