  1  1    0.239027    0.000000    0.000000    1.000000
  2  1    2.781417    0.000000    0.000000    1.000000
  3  1    2.791148    0.000000    0.000000    1.000000
  4  1    2.781486    0.000000    0.000000    1.000000
  5  1    2.790724    0.000000    0.000000    1.000000
  6  1    2.825694    0.000000    0.000000    1.000000
  7  1    2.825675    0.000000    0.000000    1.000000
  8  1    2.790784    0.000000    0.000000    1.000000
  9  1    2.781423    0.000000    0.000000    1.000000
 10  1    2.825703    0.000000    0.000000    1.000000
 11  1    2.825665    0.000000    0.000000    1.000000
 12  1    2.781508    0.000000    0.000000    1.000000
 13  1    2.791129    0.000000    0.000000    1.000000
 14  1    2.825703    0.000000    0.000000    1.000000
 15  1    2.825683    0.000000    0.000000    1.000000
 16  1    2.791190    0.000000    0.000000    1.000000
 17  1    2.781463    0.000000    0.000000    1.000000
 18  1    2.790765    0.000000    0.000000    1.000000
 19  1    2.781487    0.000000    0.000000    1.000000
