   < ES >   0.0       2.835834     2 2 0  T T     135  0.020
      0.0   0.0       0.164064       0.148449      -0.005189
       0.000000      -0.018745       0.000000       0.000000
      -0.053026       0.043020      -0.039848      -0.049853868
--------- END OF GENERAL DATA ----------
  1.2911270305  0.0305087475  0.0000000000  0.0002718154    0
  2.1890204347  0.0360647119  0.0000000000  0.0003169828    0
  3.1296655008  0.0196131333  0.0000000000  0.0001406093    0
  1.2870005781  0.0278902459  0.0000000000  0.0002506727    0
  2.1870682280  0.0323791906  0.0000000000  0.0002811783    0
  3.1291151504  0.0176084569  0.0000000000  0.0001332956    0
--------- END OF START DATA ------------
 -0.1143826134  0.5802231569  0.3857390270  0.4317344914  3.7908868303  0.2355760527
 -0.1164966560  1.5962166477  0.4098861046  0.1211354332  6.8482716541  0.2092576063
 -0.0934001427  3.0984169873  0.4378677351  0.0660424487 10.8010627900  0.1952060372
 -0.1211498799  0.5849915592  0.3862116836  0.4320420512  3.8140958281  0.2397451563
 -0.1264433164  1.6027402768  0.4104497770  0.1212795651  6.8827082925  0.2136160998
 -0.0993034861  3.1051097183  0.4381913117  0.0660899667 10.8271143066  0.1996956834
--------- END OF POT PARAMETERS --------
