   < Pd >  46.0       2.835834     2 2 0  T T     557  0.020
     36.0  10.0      -0.231011      -0.562888       0.005049
   -6048.105694      -1.684378       0.000000       3.270000
   10520.472199  -20324.231294    -278.667902  -10082.426996667
--------- END OF GENERAL DATA ----------
  5.6937502608  0.3018756415  0.0000000000  0.0060953274    0
  5.3691285079  0.2412864489  0.0000000000  0.0036654967    0
  4.8936625986  4.5106528774  0.0000000000  0.0473406393    0
  5.6959456333  0.3164576031  0.0000000000  0.0052736858    0
  5.3761685553  0.2500240804  0.0000000000  0.0035202009    0
  4.8761197407  4.1486920210  0.0000000000  0.0359646519    0
--------- END OF START DATA ------------
 -0.2705066803 -0.1653639654  0.4075820785  0.4300074654  4.5595562437 -0.5516877165
 -0.1813454147  0.8530970614  0.4025710708  0.1180788939  6.3872462163 -0.5194034008
 -0.1648925697 -0.1604972265  0.1344894766  0.0063122006  0.9654569814 -3.0259630073
 -0.2641105521 -0.1623727272  0.4082296243  0.4300410867  4.5698543919 -0.5498946133
 -0.1659202221  0.8551162007  0.4026681185  0.1179916223  6.3760380153 -0.5190610420
 -0.1663477865 -0.1432559833  0.1357101464  0.0071877857  0.9820888473 -2.7055490451
--------- END OF POT PARAMETERS --------
