   < Fe >  26.0       2.835834     2 2 0  T T     501  0.020
     18.0   8.0       0.127977      -0.623066       0.010160
   -1484.619964      -1.460685       0.000000       0.000000
    2574.637447   -5008.387168    -107.368211   -2541.117931599
--------- END OF GENERAL DATA ----------
  4.6662582821  0.3544986118  0.0000000000  0.0073202916    0
  4.4096199552  0.4202302872  0.0000000000  0.0071842596    0
  3.8900473057  4.6831202468  0.0000000000  0.0440654072    0
  4.6609014414  0.3594361717  0.0000000000  0.0074688573    0
  4.4099881349  0.4344816874  0.0000000000  0.0075538718    0
  3.6406115614  1.8762098722  0.0000000000  0.0210846964    0
--------- END OF START DATA ------------
 -0.3961149962 -0.2554702420  0.3941650848  0.4264180462  4.0740301910 -0.6198201995
 -0.2453584848  0.6399709763  0.3821206633  0.1134279923  5.5206578068 -0.6473296909
 -0.1693479034 -0.1647234070  0.0999105135 -0.0029047469  0.6170227507  3.2717788134
 -0.3645139033 -0.2122514982  0.3993500005  0.4277085627  4.2122312670 -0.5851212736
 -0.2143517123  0.6866567268  0.3864218441  0.1141071926  5.6513047594 -0.6219503756
 -0.1065593136  0.0282155573  0.1171732877  0.0040142892  0.7527991868 -3.3919645640
--------- END OF POT PARAMETERS --------
