   < Ir >  77.0       2.835834     2 2 0  T T     609  0.020
     68.0   9.0      -0.069315      -0.799913       0.004059
  -21920.483881      -2.490789       0.000000       2.550000
   40349.751742  -75308.963878    -676.299568  -35635.511704401
--------- END OF GENERAL DATA ----------
  6.7071216320  0.4124576738  0.0000000000  0.0117233418    0
  6.3794607412  0.4808543648  0.0000000000  0.0119254747    0
  5.8500546365  3.5554010155  0.0000000000  0.0915574964    0
  6.7113311389  0.4239980848  0.0000000000  0.0123119204    0
  6.3861158801  0.5010687716  0.0000000000  0.0124417022    0
  5.8459081178  3.5569052394  0.0000000000  0.0852510733    0
--------- END OF START DATA ------------
 -0.5038618719 -0.4220833424  0.4068836931  0.4297608495  4.5645428476 -0.8073052479
 -0.2758443853  0.7799813858  0.4136516575  0.1202100437  6.6877640068 -0.6434208644
 -0.2507738244 -0.1787455014  0.1689855459  0.0140879983  1.3549445336 -2.2057152500
 -0.4993066896 -0.4249480888  0.4069729611  0.4296063360  4.5555247467 -0.8104775797
 -0.2654930186  0.7760885879  0.4133427571  0.1200709703  6.6712161146 -0.6468342048
 -0.2569619635 -0.1794072963  0.1693073922  0.0143292998  1.3609722703 -2.1798416765
--------- END OF POT PARAMETERS --------
