   < Ir >  77.0       2.835834     2 2 0  T T     609  0.020
     68.0   9.0       0.011000      -0.845854       0.000187
  -21922.026623      -2.809405       0.000000       2.550000
   40349.904062  -75309.091384    -676.377079  -35635.564400409
--------- END OF GENERAL DATA ----------
  6.6982642046  0.4178958383  0.0000000000  0.0118453348    0
  6.3789176709  0.5174781607  0.0000000000  0.0136360065    0
  5.8455885768  3.5453110357  0.0000000000  0.1033505279    0
  6.7005691749  0.4204265149  0.0000000000  0.0129150524    0
  6.3795568307  0.5186842261  0.0000000000  0.0140088651    0
  5.8484112192  3.5912041532  0.0000000000  0.1068368511    0
--------- END OF START DATA ------------
 -0.5538704318 -0.4564072862  0.4076221163  0.4302131532  4.6029775637 -0.8426222949
 -0.3135680326  0.7456716796  0.4142135355  0.1202986793  6.6973151259 -0.6805484227
 -0.2840398801 -0.2055459971  0.1698811870  0.0142957881  1.3643038081 -2.2242834710
 -0.5510813607 -0.4576208362  0.4075322479  0.4301094349  4.5949958314 -0.8437586291
 -0.3131528738  0.7444574155  0.4141245901  0.1202763332  6.6946099010 -0.6814150630
 -0.2825108152 -0.2077349999  0.1697222494  0.0141359154  1.3607167919 -2.2454854126
--------- END OF POT PARAMETERS --------
