   < ES >   0.0       2.835834     2 2 0  T T     135  0.020
      0.0   0.0       0.164064       0.148446      -0.005189
       0.000000      -0.018745       0.000000       0.000000
      -0.053026       0.043019      -0.039848      -0.049853907
--------- END OF GENERAL DATA ----------
  1.2911273118  0.0305087811  0.0000000000  0.0002718112    0
  2.1890205334  0.0360646147  0.0000000000  0.0003169753    0
  3.1296655497  0.0196130541  0.0000000000  0.0001406060    0
  1.2870009722  0.0278902922  0.0000000000  0.0002506693    0
  2.1870683867  0.0323791086  0.0000000000  0.0002811681    0
  3.1291152299  0.0176083870  0.0000000000  0.0001332878    0
--------- END OF START DATA ------------
 -0.1143852818  0.5802196395  0.3857389703  0.4317344656  3.7908846718  0.2355726160
 -0.1164993080  1.5962130887  0.4098860632  0.1211354245  6.8482693967  0.2092542275
 -0.0934025679  3.0984133359  0.4378676960  0.0660424437 10.8010598440  0.1952026865
 -0.1211522426  0.5849879914  0.3862116085  0.4320420157  3.8140928719  0.2397416945
 -0.1264455218  1.6027366133  0.4104497148  0.1212795515  6.8827048058  0.2136127023
 -0.0993053344  3.1051058951  0.4381912512  0.0660899588 10.8271096927  0.1996923169
--------- END OF POT PARAMETERS --------
