   < ES >   0.0       2.835834     2 2 0  T T     135  0.020
      0.0   0.0       0.164064       0.148445      -0.005189
       0.000000      -0.018745       0.000000       0.000000
      -0.053026       0.043019      -0.039848      -0.049853915
--------- END OF GENERAL DATA ----------
  1.2911273096  0.0305087810  0.0000000000  0.0002718112    0
  2.1890205322  0.0360646143  0.0000000000  0.0003169753    0
  3.1296655495  0.0196130538  0.0000000000  0.0001406060    0
  1.2870009729  0.0278902924  0.0000000000  0.0002506693    0
  2.1870683882  0.0323791091  0.0000000000  0.0002811681    0
  3.1291152313  0.0176083875  0.0000000000  0.0001332878    0
--------- END OF START DATA ------------
 -0.1143853872  0.5802195404  0.3857389706  0.4317344658  3.7908846858  0.2355725164
 -0.1164994164  1.5962129906  0.4098860636  0.1211354246  6.8482694196  0.2092541278
 -0.0934026714  3.0984132372  0.4378676961  0.0660424437 10.8010598545  0.1952025868
 -0.1211523414  0.5849878906  0.3862116084  0.4320420156  3.8140928681  0.2397415938
 -0.1264456115  1.6027365106  0.4104497143  0.1212795514  6.8827047771  0.2136126015
 -0.0993054085  3.1051057874  0.4381912502  0.0660899587 10.8271096187  0.1996922160
--------- END OF POT PARAMETERS --------
