   < ES >   0.0       2.835834     2 2 0  T T     135  0.020
      0.0   0.0       0.164064       0.148445      -0.005189
       0.000000      -0.018745       0.000000       0.000000
      -0.053026       0.043019      -0.039848      -0.049853910
--------- END OF GENERAL DATA ----------
  1.2911273117  0.0305087808  0.0000000000  0.0002718112    0
  2.1890205342  0.0360646146  0.0000000000  0.0003169753    0
  3.1296655502  0.0196130543  0.0000000000  0.0001406060    0
  1.2870009768  0.0278902925  0.0000000000  0.0002506693    0
  2.1870683883  0.0323791087  0.0000000000  0.0002811681    0
  3.1291152302  0.0176083869  0.0000000000  0.0001332878    0
--------- END OF START DATA ------------
 -0.1143853320  0.5802195895  0.3857389703  0.4317344656  3.7908846722  0.2355725660
 -0.1164993521  1.5962130376  0.4098860630  0.1211354244  6.8482693811  0.2092541775
 -0.0934026084  3.0984132835  0.4378676956  0.0660424437 10.8010598173  0.1952026366
 -0.1211522805  0.5849879399  0.3862116077  0.4320420153  3.8140928410  0.2397416440
 -0.1264455601  1.6027365608  0.4104497142  0.1212795514  6.8827047736  0.2136126521
 -0.0993053787  3.1051058434  0.4381912509  0.0660899588 10.8271096758  0.1996922668
--------- END OF POT PARAMETERS --------
