   < ES >   0.0       2.835834     2 2 0  T T     135  0.020
      0.0   0.0       0.164064       0.148445      -0.005189
       0.000000      -0.018745       0.000000       0.000000
      -0.053026       0.043019      -0.039848      -0.049853921
--------- END OF GENERAL DATA ----------
  1.2911273273  0.0305087810  0.0000000000  0.0002718112    0
  2.1890205402  0.0360646146  0.0000000000  0.0003169753    0
  3.1296655535  0.0196130541  0.0000000000  0.0001406060    0
  1.2870009904  0.0278902923  0.0000000000  0.0002506693    0
  2.1870683935  0.0323791087  0.0000000000  0.0002811681    0
  3.1291152345  0.0176083873  0.0000000000  0.0001332878    0
--------- END OF START DATA ------------
 -0.1143855217  0.5802193548  0.3857389679  0.4317344643  3.7908845691  0.2355723347
 -0.1164995384  1.5962127990  0.4098860609  0.1211354240  6.8482692621  0.2092539474
 -0.0934027757  3.0984130370  0.4378676933  0.0660424433 10.8010596385  0.1952024071
 -0.1211524745  0.5849877055  0.3862116055  0.4320420142  3.8140927486  0.2397414126
 -0.1264457514  1.6027363230  0.4104497124  0.1212795510  6.8827046679  0.2136124219
 -0.0993055266  3.1051055915  0.4381912479  0.0660899584 10.8271094425  0.1996920370
--------- END OF POT PARAMETERS --------
