   < ES >   0.0       2.835834     2 2 0  T T     135  0.020
      0.0   0.0       0.164064       0.148445      -0.005189
       0.000000      -0.018745       0.000000       0.000000
      -0.053026       0.043019      -0.039848      -0.049853926
--------- END OF GENERAL DATA ----------
  1.2911273169  0.0305087807  0.0000000000  0.0002718112    0
  2.1890205351  0.0360646142  0.0000000000  0.0003169753    0
  3.1296655515  0.0196130537  0.0000000000  0.0001406060    0
  1.2870009842  0.0278902927  0.0000000000  0.0002506693    0
  2.1870683922  0.0323791093  0.0000000000  0.0002811681    0
  3.1291152344  0.0176083878  0.0000000000  0.0001332878    0
--------- END OF START DATA ------------
 -0.1143855582  0.5802193483  0.3857389695  0.4317344651  3.7908846372  0.2355723259
 -0.1164995850  1.5962127966  0.4098860626  0.1211354244  6.8482693617  0.2092539380
 -0.0934028232  3.0984130374  0.4378676947  0.0660424435 10.8010597464  0.1952023973
 -0.1211525018  0.5849876967  0.3862116066  0.4320420147  3.8140927920  0.2397414024
 -0.1264457721  1.6027363143  0.4104497129  0.1212795511  6.8827046963  0.2136124110
 -0.0993055397  3.1051055813  0.4381912481  0.0660899584 10.8271094508  0.1996920258
--------- END OF POT PARAMETERS --------
