   < ES >   0.0       2.835834     2 2 0  T T     135  0.020
      0.0   0.0       0.164064       0.148445      -0.005189
       0.000000      -0.018745       0.000000       0.000000
      -0.053026       0.043019      -0.039848      -0.049853914
--------- END OF GENERAL DATA ----------
  1.2911273107  0.0305087810  0.0000000000  0.0002718112    0
  2.1890205327  0.0360646142  0.0000000000  0.0003169753    0
  3.1296655495  0.0196130539  0.0000000000  0.0001406060    0
  1.2870009732  0.0278902925  0.0000000000  0.0002506693    0
  2.1870683881  0.0323791091  0.0000000000  0.0002811681    0
  3.1291152308  0.0176083873  0.0000000000  0.0001332878    0
--------- END OF START DATA ------------
 -0.1143853744  0.5802195500  0.3857389705  0.4317344657  3.7908846785  0.2355725263
 -0.1164994027  1.5962129999  0.4098860634  0.1211354246  6.8482694098  0.2092541378
 -0.0934026613  3.0984132472  0.4378676961  0.0660424437 10.8010598542  0.1952025969
 -0.1211523306  0.5849879005  0.3862116083  0.4320420156  3.8140928657  0.2397416039
 -0.1264456021  1.6027365207  0.4104497143  0.1212795514  6.8827047787  0.2136126116
 -0.0993054079  3.1051058000  0.4381912506  0.0660899587 10.8271096450  0.1996922262
--------- END OF POT PARAMETERS --------
