   < ES >   0.0       2.835834     2 2 0  T T     135  0.020
      0.0   0.0       0.164064       0.148445      -0.005189
       0.000000      -0.018745       0.000000       0.000000
      -0.053026       0.043019      -0.039848      -0.049853912
--------- END OF GENERAL DATA ----------
  1.2911273110  0.0305087809  0.0000000000  0.0002718112    0
  2.1890205336  0.0360646144  0.0000000000  0.0003169753    0
  3.1296655498  0.0196130540  0.0000000000  0.0001406060    0
  1.2870009754  0.0278902924  0.0000000000  0.0002506693    0
  2.1870683883  0.0323791088  0.0000000000  0.0002811681    0
  3.1291152304  0.0176083872  0.0000000000  0.0001332878    0
--------- END OF START DATA ------------
 -0.1143853536  0.5802195699  0.3857389704  0.4317344656  3.7908846765  0.2355725463
 -0.1164993762  1.5962130186  0.4098860631  0.1211354245  6.8482693925  0.2092541578
 -0.0934026357  3.0984132657  0.4378676959  0.0660424437 10.8010598382  0.1952026169
 -0.1211523044  0.5849879202  0.3862116080  0.4320420154  3.8140928507  0.2397416240
 -0.1264455803  1.6027365407  0.4104497142  0.1212795514  6.8827047741  0.2136126320
 -0.0993053951  3.1051058223  0.4381912508  0.0660899588 10.8271096657  0.1996922466
--------- END OF POT PARAMETERS --------
