   < ES >   0.0       2.835834     2 2 0  T T     135  0.020
      0.0   0.0       0.164064       0.148445      -0.005189
       0.000000      -0.018745       0.000000       0.000000
      -0.053026       0.043019      -0.039848      -0.049853919
--------- END OF GENERAL DATA ----------
  1.2911273214  0.0305087809  0.0000000000  0.0002718112    0
  2.1890205379  0.0360646144  0.0000000000  0.0003169753    0
  3.1296655521  0.0196130542  0.0000000000  0.0001406060    0
  1.2870009862  0.0278902924  0.0000000000  0.0002506693    0
  2.1870683918  0.0323791088  0.0000000000  0.0002811681    0
  3.1291152330  0.0176083872  0.0000000000  0.0001332878    0
--------- END OF START DATA ------------
 -0.1143854768  0.5802194167  0.3857389688  0.4317344648  3.7908846079  0.2355723953
 -0.1164994950  1.5962128624  0.4098860617  0.1211354241  6.8482693076  0.2092540076
 -0.0934027421  3.0984131041  0.4378676943  0.0660424435 10.8010597140  0.1952024670
 -0.1211524257  0.5849877668  0.3862116062  0.4320420145  3.8140927773  0.2397414730
 -0.1264457042  1.6027363855  0.4104497130  0.1212795511  6.8827047026  0.2136124819
 -0.0993054953  3.1051056591  0.4381912490  0.0660899585 10.8271095240  0.1996920968
--------- END OF POT PARAMETERS --------
