   < ES >   0.0       2.835834     2 2 0  T T     135  0.020
      0.0   0.0       0.164064       0.148445      -0.005189
       0.000000      -0.018745       0.000000       0.000000
      -0.053026       0.043019      -0.039848      -0.049853928
--------- END OF GENERAL DATA ----------
  1.2911273268  0.0305087810  0.0000000000  0.0002718112    0
  2.1890205392  0.0360646143  0.0000000000  0.0003169753    0
  3.1296655534  0.0196130540  0.0000000000  0.0001406060    0
  1.2870009901  0.0278902924  0.0000000000  0.0002506693    0
  2.1870683944  0.0323791091  0.0000000000  0.0002811681    0
  3.1291152356  0.0176083875  0.0000000000  0.0001332878    0
--------- END OF START DATA ------------
 -0.1143856129  0.5802192651  0.3857389679  0.4317344643  3.7908845723  0.2355722448
 -0.1164996355  1.5962127105  0.4098860612  0.1211354240  6.8482692811  0.2092538576
 -0.0934028675  3.0984129476  0.4378676934  0.0660424434 10.8010596438  0.1952023172
 -0.1211525657  0.5849876152  0.3862116056  0.4320420142  3.8140927510  0.2397413223
 -0.1264458352  1.6027362314  0.4104497121  0.1212795509  6.8827046507  0.2136123314
 -0.0993055961  3.1051054956  0.4381912472  0.0660899583 10.8271093843  0.1996919465
--------- END OF POT PARAMETERS --------
