   < ES >   0.0       2.835834     2 2 0  T T     135  0.020
      0.0   0.0       0.164064       0.148445      -0.005189
       0.000000      -0.018745       0.000000       0.000000
      -0.053026       0.043019      -0.039848      -0.049853921
--------- END OF GENERAL DATA ----------
  1.2911273250  0.0305087811  0.0000000000  0.0002718112    0
  2.1890205385  0.0360646146  0.0000000000  0.0003169753    0
  3.1296655525  0.0196130541  0.0000000000  0.0001406060    0
  1.2870009854  0.0278902923  0.0000000000  0.0002506693    0
  2.1870683922  0.0323791088  0.0000000000  0.0002811681    0
  3.1291152337  0.0176083872  0.0000000000  0.0001332878    0
--------- END OF START DATA ------------
 -0.1143855077  0.5802193755  0.3857389682  0.4317344645  3.7908845846  0.2355723548
 -0.1164995308  1.5962128214  0.4098860615  0.1211354241  6.8482692955  0.2092539674
 -0.0934027747  3.0984130619  0.4378676940  0.0660424434 10.8010596923  0.1952024269
 -0.1211524678  0.5849877270  0.3862116063  0.4320420146  3.8140927823  0.2397414330
 -0.1264457412  1.6027363449  0.4104497128  0.1212795511  6.8827046945  0.2136124419
 -0.0993055220  3.1051056156  0.4381912485  0.0660899584 10.8271094864  0.1996920569
--------- END OF POT PARAMETERS --------
