   < ES >   0.0       2.835834     2 2 0  T T     135  0.020
      0.0   0.0       0.164064       0.148445      -0.005189
       0.000000      -0.018745       0.000000       0.000000
      -0.053026       0.043019      -0.039848      -0.049853924
--------- END OF GENERAL DATA ----------
  1.2911273267  0.0305087809  0.0000000000  0.0002718112    0
  2.1890205400  0.0360646146  0.0000000000  0.0003169753    0
  3.1296655535  0.0196130541  0.0000000000  0.0001406060    0
  1.2870009897  0.0278902924  0.0000000000  0.0002506693    0
  2.1870683933  0.0323791089  0.0000000000  0.0002811681    0
  3.1291152346  0.0176083873  0.0000000000  0.0001332878    0
--------- END OF START DATA ------------
 -0.1143855532  0.5802193250  0.3857389680  0.4317344643  3.7908845731  0.2355723047
 -0.1164995699  1.5962127693  0.4098860610  0.1211354240  6.8482692661  0.2092539174
 -0.0934028057  3.0984130070  0.4378676933  0.0660424433 10.8010596387  0.1952023770
 -0.1211525065  0.5849876755  0.3862116057  0.4320420142  3.8140927535  0.2397413825
 -0.1264457831  1.6027362932  0.4104497124  0.1212795510  6.8827046722  0.2136123917
 -0.0993055549  3.1051055609  0.4381912479  0.0660899584 10.8271094375  0.1996920068
--------- END OF POT PARAMETERS --------
