   < ES >   0.0       2.835834     2 2 0  T T     135  0.020
      0.0   0.0       0.164064       0.148445      -0.005189
       0.000000      -0.018745       0.000000       0.000000
      -0.053026       0.043019      -0.039848      -0.049853928
--------- END OF GENERAL DATA ----------
  1.2911273229  0.0305087809  0.0000000000  0.0002718112    0
  2.1890205373  0.0360646141  0.0000000000  0.0003169753    0
  3.1296655529  0.0196130537  0.0000000000  0.0001406060    0
  1.2870009897  0.0278902926  0.0000000000  0.0002506693    0
  2.1870683938  0.0323791094  0.0000000000  0.0002811681    0
  3.1291152360  0.0176083878  0.0000000000  0.0001332878    0
--------- END OF START DATA ------------
 -0.1143856027  0.5802192864  0.3857389685  0.4317344646  3.7908845975  0.2355722654
 -0.1164996290  1.5962127334  0.4098860618  0.1211354242  6.8482693180  0.2092538779
 -0.0934028567  3.0984129703  0.4378676937  0.0660424434 10.8010596708  0.1952023374
 -0.1211525472  0.5849876350  0.3862116057  0.4320420142  3.8140927546  0.2397413419
 -0.1264458202  1.6027362519  0.4104497123  0.1212795509  6.8827046634  0.2136123510
 -0.0993055691  3.1051055132  0.4381912469  0.0660899582 10.8271093639  0.1996919659
--------- END OF POT PARAMETERS --------
