   < Pd >  46.0       2.835834     2 2 0  T T     557  0.020
     36.0  10.0      -0.231011      -0.562888       0.005049
   -6048.105691      -1.684377       0.000000       3.270000
   10520.472201  -20324.231296    -278.667902  -10082.426996355
--------- END OF GENERAL DATA ----------
  5.6937503121  0.3018755247  0.0000000000  0.0060953235    0
  5.3691283826  0.2412870602  0.0000000000  0.0036655087    0
  4.8936626589  4.5106526909  0.0000000000  0.0473409670    0
  5.6959456834  0.3164574802  0.0000000000  0.0052736838    0
  5.3761684782  0.2500246992  0.0000000000  0.0035202281    0
  4.8761197706  4.1486915291  0.0000000000  0.0359644617    0
--------- END OF START DATA ------------
 -0.2705065415 -0.1653639116  0.4075820816  0.4300074635  4.5595561464 -0.5516876703
 -0.1813456368  0.8530971368  0.4025710823  0.1180788973  6.3872467361 -0.5194033647
 -0.1648924466 -0.1604971700  0.1344894767  0.0063121959  0.9654569321 -3.0259650911
 -0.2641103962 -0.1623726568  0.4082296243  0.4300410846  4.5698542513 -0.5498945448
 -0.1659203102  0.8551162841  0.4026681238  0.1179916242  6.3760382880 -0.5190609729
 -0.1663476919 -0.1432559187  0.1357101458  0.0071877839  0.9820888245 -2.7055495938
--------- END OF POT PARAMETERS --------
