   < Pd >  46.0       2.835834     2 2 0  T T     557  0.020
     36.0  10.0      -0.231011      -0.562888       0.005049
   -6048.105690      -1.684377       0.000000       3.270000
   10520.472202  -20324.231296    -278.667902  -10082.426996322
--------- END OF GENERAL DATA ----------
  5.6937503098  0.3018755231  0.0000000000  0.0060953235    0
  5.3691283844  0.2412870604  0.0000000000  0.0036655087    0
  4.8936626634  4.5106526936  0.0000000000  0.0473409670    0
  5.6959456871  0.3164574816  0.0000000000  0.0052736837    0
  5.3761684776  0.2500246989  0.0000000000  0.0035202281    0
  4.8761197738  4.1486915220  0.0000000000  0.0359644615    0
--------- END OF START DATA ------------
 -0.2705065120 -0.1653638781  0.4075820817  0.4300074636  4.5595561555 -0.5516876370
 -0.1813455996  0.8530971701  0.4025710823  0.1180788972  6.3872467307 -0.5194033313
 -0.1648924050 -0.1604971333  0.1344894770  0.0063121956  0.9654569306 -3.0259652074
 -0.2641103570 -0.1623726239  0.4082296244  0.4300410845  4.5698542445 -0.5498945121
 -0.1659202785  0.8551163174  0.4026681240  0.1179916242  6.3760382915 -0.5190609401
 -0.1663476516 -0.1432558815  0.1357101461  0.0071877837  0.9820888245 -2.7055496439
--------- END OF POT PARAMETERS --------
