   < Pd >  46.0       2.835834     2 2 0  T T     557  0.020
     36.0  10.0      -0.231011      -0.562888       0.005049
   -6048.105706      -1.684381       0.000000       3.270000
   10520.472201  -20324.231295    -278.667902  -10082.426996472
--------- END OF GENERAL DATA ----------
  5.6937503256  0.3018755258  0.0000000000  0.0060953235    0
  5.3691284001  0.2412870615  0.0000000000  0.0036655087    0
  4.8936626363  4.5106526740  0.0000000000  0.0473409671    0
  5.6959456932  0.3164574798  0.0000000000  0.0052736839    0
  5.3761684921  0.2500246988  0.0000000000  0.0035202282    0
  4.8761197546  4.1486915589  0.0000000000  0.0359644618    0
--------- END OF START DATA ------------
 -0.2705068855 -0.1653642787  0.4075820810  0.4300074628  4.5595560933 -0.5516880369
 -0.1813459673  0.8530967657  0.4025710808  0.1180788967  6.3872466691 -0.5194037316
 -0.1648928566 -0.1604975551  0.1344894751  0.0063121975  0.9654569389 -3.0259646908
 -0.2641107444 -0.1623730221  0.4082296235  0.4300410841  4.5698542028 -0.5498949090
 -0.1659206464  0.8551159154  0.4026681224  0.1179916237  6.3760382308 -0.5190613372
 -0.1663480951 -0.1432563066  0.1357101439  0.0071877850  0.9820888242 -2.7055495315
--------- END OF POT PARAMETERS --------
