   < Pd >  46.0       2.835834     2 2 0  T T     557  0.020
     36.0  10.0      -0.231011      -0.562888       0.005049
   -6048.105701      -1.684380       0.000000       3.270000
   10520.472201  -20324.231295    -278.667902  -10082.426996435
--------- END OF GENERAL DATA ----------
  5.6937503200  0.3018755264  0.0000000000  0.0060953235    0
  5.3691283902  0.2412870603  0.0000000000  0.0036655087    0
  4.8936626429  4.5106526784  0.0000000000  0.0473409671    0
  5.6959456872  0.3164574790  0.0000000000  0.0052736838    0
  5.3761684858  0.2500246997  0.0000000000  0.0035202282    0
  4.8761197620  4.1486915488  0.0000000000  0.0359644617    0
--------- END OF START DATA ------------
 -0.2705067697 -0.1653641533  0.4075820813  0.4300074631  4.5595561149 -0.5516879116
 -0.1813458626  0.8530968931  0.4025710816  0.1180788970  6.3872467062 -0.5194036063
 -0.1648927171 -0.1604974229  0.1344894757  0.0063121970  0.9654569376 -3.0259648000
 -0.2641106291 -0.1623728964  0.4082296237  0.4300410844  4.5698542262 -0.5498947836
 -0.1659205337  0.8551160424  0.4026681230  0.1179916239  6.3760382550 -0.5190612118
 -0.1663479551 -0.1432561738  0.1357101445  0.0071877845  0.9820888228 -2.7055495871
--------- END OF POT PARAMETERS --------
