   < Pd >  46.0       2.835834     2 2 0  T T     557  0.020
     36.0  10.0      -0.231011      -0.562888       0.005049
   -6048.105700      -1.684380       0.000000       3.270000
   10520.472201  -20324.231295    -278.667902  -10082.426996407
--------- END OF GENERAL DATA ----------
  5.6937503211  0.3018755261  0.0000000000  0.0060953235    0
  5.3691283898  0.2412870596  0.0000000000  0.0036655087    0
  4.8936626489  4.5106526859  0.0000000000  0.0473409670    0
  5.6959456877  0.3164574791  0.0000000000  0.0052736837    0
  5.3761684845  0.2500247001  0.0000000000  0.0035202282    0
  4.8761197622  4.1486915377  0.0000000000  0.0359644616    0
--------- END OF START DATA ------------
 -0.2705067344 -0.1653641198  0.4075820813  0.4300074631  4.5595561128 -0.5516878783
 -0.1813458298  0.8530969268  0.4025710817  0.1180788970  6.3872467072 -0.5194035726
 -0.1648926752 -0.1604973876  0.1344894759  0.0063121966  0.9654569345 -3.0259649482
 -0.2641105964 -0.1623728645  0.4082296239  0.4300410844  4.5698542292 -0.5498947519
 -0.1659205046  0.8551160748  0.4026681232  0.1179916240  6.3760382618 -0.5190611801
 -0.1663479183 -0.1432561371  0.1357101449  0.0071877845  0.9820888249 -2.7055495821
--------- END OF POT PARAMETERS --------
