   < Pd >  46.0       2.835834     2 2 0  T T     557  0.020
     36.0  10.0      -0.231011      -0.562888       0.005049
   -6048.105706      -1.684381       0.000000       3.270000
   10520.472201  -20324.231295    -278.667902  -10082.426996469
--------- END OF GENERAL DATA ----------
  5.6937503205  0.3018755250  0.0000000000  0.0060953235    0
  5.3691283981  0.2412870606  0.0000000000  0.0036655087    0
  4.8936626380  4.5106526719  0.0000000000  0.0473409672    0
  5.6959456918  0.3164574806  0.0000000000  0.0052736839    0
  5.3761684893  0.2500246997  0.0000000000  0.0035202282    0
  4.8761197545  4.1486915625  0.0000000000  0.0359644618    0
--------- END OF START DATA ------------
 -0.2705068928 -0.1653642774  0.4075820811  0.4300074631  4.5595561084 -0.5516880355
 -0.1813459702  0.8530967674  0.4025710810  0.1180788968  6.3872466766 -0.5194037304
 -0.1648928526 -0.1604975530  0.1344894752  0.0063121974  0.9654569381 -3.0259647449
 -0.2641107465 -0.1623730217  0.4082296236  0.4300410841  4.5698542085 -0.5498949088
 -0.1659206519  0.8551159163  0.4026681226  0.1179916238  6.3760382414 -0.5190613370
 -0.1663480933 -0.1432563046  0.1357101440  0.0071877850  0.9820888250 -2.7055495382
--------- END OF POT PARAMETERS --------
