   < Pd >  46.0       2.835834     2 2 0  T T     557  0.020
     36.0  10.0      -0.231011      -0.562888       0.005049
   -6048.105697      -1.684379       0.000000       3.270000
   10520.472201  -20324.231295    -278.667902  -10082.426996431
--------- END OF GENERAL DATA ----------
  5.6937503108  0.3018755251  0.0000000000  0.0060953235    0
  5.3691283833  0.2412870595  0.0000000000  0.0036655087    0
  4.8936626457  4.5106526765  0.0000000000  0.0473409670    0
  5.6959456802  0.3164574802  0.0000000000  0.0052736838    0
  5.3761684809  0.2500247005  0.0000000000  0.0035202282    0
  4.8761197657  4.1486915500  0.0000000000  0.0359644617    0
--------- END OF START DATA ------------
 -0.2705066826 -0.1653640505  0.4075820815  0.4300074635  4.5595561439 -0.5516878089
 -0.1813457744  0.8530969972  0.4025710822  0.1180788972  6.3872467319 -0.5194035037
 -0.1648926079 -0.1604973167  0.1344894760  0.0063121968  0.9654569373 -3.0259648025
 -0.2641105387 -0.1623727940  0.4082296239  0.4300410847  4.5698542493 -0.5498946813
 -0.1659204414  0.8551161458  0.4026681234  0.1179916241  6.3760382733 -0.5190611095
 -0.1663478456 -0.1432560679  0.1357101447  0.0071877843  0.9820888221 -2.7055495758
--------- END OF POT PARAMETERS --------
