   < Pd >  46.0       2.835834     2 2 0  T T     557  0.020
     36.0  10.0      -0.231011      -0.562888       0.005049
   -6048.105693      -1.684378       0.000000       3.270000
   10520.472201  -20324.231296    -278.667902  -10082.426996369
--------- END OF GENERAL DATA ----------
  5.6937503099  0.3018755236  0.0000000000  0.0060953235    0
  5.3691283845  0.2412870600  0.0000000000  0.0036655087    0
  4.8936626558  4.5106526914  0.0000000000  0.0473409670    0
  5.6959456855  0.3164574814  0.0000000000  0.0052736838    0
  5.3761684794  0.2500246995  0.0000000000  0.0035202281    0
  4.8761197700  4.1486915297  0.0000000000  0.0359644617    0
--------- END OF START DATA ------------
 -0.2705065872 -0.1653639535  0.4075820816  0.4300074636  4.5595561513 -0.5516877122
 -0.1813456748  0.8530970944  0.4025710822  0.1180788972  6.3872467291 -0.5194034067
 -0.1648924936 -0.1604972136  0.1344894766  0.0063121961  0.9654569334 -3.0259650338
 -0.2641104340 -0.1623726982  0.4082296242  0.4300410845  4.5698542430 -0.5498945860
 -0.1659203490  0.8551162424  0.4026681237  0.1179916242  6.3760382826 -0.5190610141
 -0.1663477363 -0.1432559626  0.1357101455  0.0071877840  0.9820888237 -2.7055496107
--------- END OF POT PARAMETERS --------
