   < Pd >  46.0       2.835834     2 2 0  T T     557  0.020
     36.0  10.0      -0.231011      -0.562888       0.005049
   -6048.105693      -1.684378       0.000000       3.270000
   10520.472201  -20324.231296    -278.667902  -10082.426996349
--------- END OF GENERAL DATA ----------
  5.6937503117  0.3018755250  0.0000000000  0.0060953235    0
  5.3691283828  0.2412870606  0.0000000000  0.0036655087    0
  4.8936626585  4.5106526944  0.0000000000  0.0473409670    0
  5.6959456834  0.3164574799  0.0000000000  0.0052736837    0
  5.3761684772  0.2500246988  0.0000000000  0.0035202281    0
  4.8761197716  4.1486915229  0.0000000000  0.0359644616    0
--------- END OF START DATA ------------
 -0.2705066027 -0.1653639720  0.4075820816  0.4300074635  4.5595561474 -0.5516877308
 -0.1813456968  0.8530970763  0.4025710823  0.1180788972  6.3872467353 -0.5194034251
 -0.1648925075 -0.1604972305  0.1344894767  0.0063121959  0.9654569324 -3.0259651391
 -0.2641104559 -0.1623727165  0.4082296243  0.4300410846  4.5698542507 -0.5498946044
 -0.1659203718  0.8551162245  0.4026681239  0.1179916242  6.3760382908 -0.5190610325
 -0.1663477510 -0.1432559789  0.1357101457  0.0071877839  0.9820888237 -2.7055496703
--------- END OF POT PARAMETERS --------
