   < Pd >  46.0       2.835834     2 2 0  T T     557  0.020
     36.0  10.0      -0.231011      -0.562888       0.005049
   -6048.105708      -1.684382       0.000000       3.270000
   10520.472201  -20324.231295    -278.667902  -10082.426996491
--------- END OF GENERAL DATA ----------
  5.6937503265  0.3018755264  0.0000000000  0.0060953235    0
  5.3691284008  0.2412870604  0.0000000000  0.0036655087    0
  4.8936626328  4.5106526695  0.0000000000  0.0473409672    0
  5.6959456929  0.3164574793  0.0000000000  0.0052736839    0
  5.3761684937  0.2500246999  0.0000000000  0.0035202282    0
  4.8761197527  4.1486915653  0.0000000000  0.0359644618    0
--------- END OF START DATA ------------
 -0.2705069364 -0.1653643312  0.4075820809  0.4300074628  4.5595560887 -0.5516880892
 -0.1813460182  0.8530967129  0.4025710807  0.1180788967  6.3872466659 -0.5194037841
 -0.1648929154 -0.1604976100  0.1344894749  0.0063121977  0.9654569401 -3.0259646267
 -0.2641107971 -0.1623730743  0.4082296234  0.4300410841  4.5698542006 -0.5498949611
 -0.1659206953  0.8551158627  0.4026681222  0.1179916237  6.3760382239 -0.5190613893
 -0.1663481525 -0.1432563622  0.1357101436  0.0071877851  0.9820888239 -2.7055495299
--------- END OF POT PARAMETERS --------
