   < ES >   0.0       2.835834     2 2 0  T T     135  0.020
      0.0   0.0       0.164064       0.148445      -0.005189
       0.000000      -0.018745       0.000000       0.000000
      -0.053026       0.043019      -0.039848      -0.049853921
--------- END OF GENERAL DATA ----------
  1.2911273191  0.0305087808  0.0000000000  0.0002718112    0
  2.1890205360  0.0360646143  0.0000000000  0.0003169753    0
  3.1296655517  0.0196130538  0.0000000000  0.0001406060    0
  1.2870009859  0.0278902927  0.0000000000  0.0002506693    0
  2.1870683921  0.0323791091  0.0000000000  0.0002811681    0
  3.1291152340  0.0176083876  0.0000000000  0.0001332878    0
--------- END OF START DATA ------------
 -0.1143855026  0.5802193975  0.3857389691  0.4317344650  3.7908846228  0.2355723756
 -0.1164995286  1.5962128452  0.4098860623  0.1211354243  6.8482693441  0.2092539878
 -0.0934027695  3.0984130863  0.4378676946  0.0660424435 10.8010597354  0.1952024472
 -0.1211524471  0.5849877464  0.3862116063  0.4320420146  3.8140927801  0.2397414525
 -0.1264457226  1.6027363646  0.4104497129  0.1212795511  6.8827046975  0.2136124613
 -0.0993054970  3.1051056335  0.4381912483  0.0660899584 10.8271094714  0.1996920761
--------- END OF POT PARAMETERS --------
