   < Pd >  46.0       2.835834     2 2 0  T T     557  0.020
     36.0  10.0      -0.231011      -0.562888       0.005049
   -6048.105698      -1.684379       0.000000       3.270000
   10520.472201  -20324.231295    -278.667902  -10082.426996444
--------- END OF GENERAL DATA ----------
  5.6937503118  0.3018755255  0.0000000000  0.0060953235    0
  5.3691283831  0.2412870596  0.0000000000  0.0036655087    0
  4.8936626442  4.5106526723  0.0000000000  0.0473409671    0
  5.6959456794  0.3164574798  0.0000000000  0.0052736838    0
  5.3761684819  0.2500247006  0.0000000000  0.0035202282    0
  4.8761197633  4.1486915561  0.0000000000  0.0359644618    0
--------- END OF START DATA ------------
 -0.2705067122 -0.1653640819  0.4075820814  0.4300074635  4.5595561395 -0.5516878403
 -0.1813458062  0.8530969657  0.4025710821  0.1180788972  6.3872467320 -0.5194035350
 -0.1648926428 -0.1604973500  0.1344894759  0.0063121969  0.9654569374 -3.0259647786
 -0.2641105718 -0.1623728258  0.4082296239  0.4300410847  4.5698542500 -0.5498947129
 -0.1659204711  0.8551161138  0.4026681233  0.1179916240  6.3760382693 -0.5190611412
 -0.1663478816 -0.1432561016  0.1357101446  0.0071877844  0.9820888227 -2.7055495511
--------- END OF POT PARAMETERS --------
