   < Pd >  46.0       2.835834     2 2 0  T T     557  0.020
     36.0  10.0      -0.231011      -0.562888       0.005049
   -6048.105693      -1.684378       0.000000       3.270000
   10520.472201  -20324.231296    -278.667902  -10082.426996338
--------- END OF GENERAL DATA ----------
  5.6937503110  0.3018755247  0.0000000000  0.0060953235    0
  5.3691283823  0.2412870598  0.0000000000  0.0036655087    0
  4.8936626623  4.5106526949  0.0000000000  0.0473409669    0
  5.6959456840  0.3164574800  0.0000000000  0.0052736837    0
  5.3761684760  0.2500246993  0.0000000000  0.0035202281    0
  4.8761197696  4.1486915201  0.0000000000  0.0359644616    0
--------- END OF START DATA ------------
 -0.2705066022 -0.1653639704  0.4075820816  0.4300074635  4.5595561486 -0.5516877291
 -0.1813456961  0.8530970780  0.4025710823  0.1180788973  6.3872467360 -0.5194034233
 -0.1648925021 -0.1604972293  0.1344894767  0.0063121957  0.9654569298 -3.0259652419
 -0.2641104551 -0.1623727167  0.4082296243  0.4300410846  4.5698542511 -0.5498946047
 -0.1659203746  0.8551162246  0.4026681240  0.1179916243  6.3760382961 -0.5190610328
 -0.1663477511 -0.1432559769  0.1357101459  0.0071877840  0.9820888260 -2.7055496410
--------- END OF POT PARAMETERS --------
