   < Pd >  46.0       2.835834     2 2 0  T T     557  0.020
     36.0  10.0      -0.231011      -0.562888       0.005049
   -6048.105705      -1.684381       0.000000       3.270000
   10520.472201  -20324.231295    -278.667902  -10082.426996468
--------- END OF GENERAL DATA ----------
  5.6937503242  0.3018755272  0.0000000000  0.0060953235    0
  5.3691283933  0.2412870591  0.0000000000  0.0036655087    0
  4.8936626382  4.5106526665  0.0000000000  0.0473409671    0
  5.6959456876  0.3164574785  0.0000000000  0.0052736838    0
  5.3761684899  0.2500247012  0.0000000000  0.0035202282    0
  4.8761197564  4.1486915652  0.0000000000  0.0359644618    0
--------- END OF START DATA ------------
 -0.2705068462 -0.1653642370  0.4075820811  0.4300074629  4.5595560988 -0.5516879952
 -0.1813459397  0.8530968086  0.4025710813  0.1180788969  6.3872466936 -0.5194036899
 -0.1648928110 -0.1604975116  0.1344894753  0.0063121973  0.9654569385 -3.0259647162
 -0.2641107130 -0.1623729810  0.4082296236  0.4300410843  4.5698542205 -0.5498948680
 -0.1659206099  0.8551159569  0.4026681226  0.1179916238  6.3760382392 -0.5190612963
 -0.1663480504 -0.1432562637  0.1357101441  0.0071877849  0.9820888240 -2.7055495358
--------- END OF POT PARAMETERS --------
