   < Pd >  46.0       2.835834     2 2 0  T T     557  0.020
     36.0  10.0      -0.231011      -0.562888       0.005049
   -6048.105695      -1.684378       0.000000       3.270000
   10520.472201  -20324.231296    -278.667902  -10082.426996397
--------- END OF GENERAL DATA ----------
  5.6937503084  0.3018755236  0.0000000000  0.0060953235    0
  5.3691283832  0.2412870594  0.0000000000  0.0036655087    0
  4.8936626523  4.5106526836  0.0000000000  0.0473409670    0
  5.6959456825  0.3164574814  0.0000000000  0.0052736838    0
  5.3761684796  0.2500247004  0.0000000000  0.0035202281    0
  4.8761197668  4.1486915404  0.0000000000  0.0359644617    0
--------- END OF START DATA ------------
 -0.2705066524 -0.1653640162  0.4075820816  0.4300074636  4.5595561529 -0.5516877747
 -0.1813457402  0.8530970317  0.4025710822  0.1180788972  6.3872467327 -0.5194034693
 -0.1648925634 -0.1604972795  0.1344894763  0.0063121964  0.9654569343 -3.0259649758
 -0.2641105021 -0.1623727613  0.4082296241  0.4300410846  4.5698542482 -0.5498946489
 -0.1659204116  0.8551161791  0.4026681236  0.1179916241  6.3760382805 -0.5190610771
 -0.1663478062 -0.1432560295  0.1357101452  0.0071877842  0.9820888240 -2.7055495929
--------- END OF POT PARAMETERS --------
