   < Pd >  46.0       2.835834     2 2 0  T T     557  0.020
     36.0  10.0      -0.231011      -0.562888       0.005049
   -6048.105691      -1.684377       0.000000       3.270000
   10520.472201  -20324.231296    -278.667902  -10082.426996338
--------- END OF GENERAL DATA ----------
  5.6937503136  0.3018755241  0.0000000000  0.0060953235    0
  5.3691283831  0.2412870600  0.0000000000  0.0036655087    0
  4.8936626603  4.5106526949  0.0000000000  0.0473409670    0
  5.6959456855  0.3164574807  0.0000000000  0.0052736837    0
  5.3761684768  0.2500246992  0.0000000000  0.0035202281    0
  4.8761197730  4.1486915226  0.0000000000  0.0359644616    0
--------- END OF START DATA ------------
 -0.2705065376 -0.1653639102  0.4075820817  0.4300074635  4.5595561436 -0.5516876691
 -0.1813456344  0.8530971382  0.4025710823  0.1180788972  6.3872467348 -0.5194033634
 -0.1648924420 -0.1604971669  0.1344894769  0.0063121958  0.9654569320 -3.0259651405
 -0.2641103910 -0.1623726551  0.4082296243  0.4300410846  4.5698542468 -0.5498945432
 -0.1659203113  0.8551162861  0.4026681239  0.1179916242  6.3760382932 -0.5190609712
 -0.1663476861 -0.1432559153  0.1357101459  0.0071877838  0.9820888238 -2.7055496474
--------- END OF POT PARAMETERS --------
