   < Pd >  46.0       2.835834     2 2 0  T T     557  0.020
     36.0  10.0      -0.231011      -0.562888       0.005049
   -6048.105692      -1.684378       0.000000       3.270000
   10520.472201  -20324.231296    -278.667902  -10082.426996324
--------- END OF GENERAL DATA ----------
  5.6937503097  0.3018755230  0.0000000000  0.0060953235    0
  5.3691283833  0.2412870611  0.0000000000  0.0036655087    0
  4.8936626626  4.5106527009  0.0000000000  0.0473409669    0
  5.6959456875  0.3164574818  0.0000000000  0.0052736837    0
  5.3761684760  0.2500246980  0.0000000000  0.0035202281    0
  4.8761197729  4.1486915138  0.0000000000  0.0359644615    0
--------- END OF START DATA ------------
 -0.2705065733 -0.1653639393  0.4075820817  0.4300074636  4.5595561546 -0.5516876981
 -0.1813456630  0.8530971091  0.4025710823  0.1180788972  6.3872467338 -0.5194033924
 -0.1648924683 -0.1604971957  0.1344894769  0.0063121957  0.9654569306 -3.0259652364
 -0.2641104170 -0.1623726845  0.4082296243  0.4300410845  4.5698542424 -0.5498945727
 -0.1659203424  0.8551162569  0.4026681240  0.1179916243  6.3760382965 -0.5190610006
 -0.1663477141 -0.1432559432  0.1357101460  0.0071877838  0.9820888246 -2.7055496814
--------- END OF POT PARAMETERS --------
