   < Pd >  46.0       2.835834     2 2 0  T T     557  0.020
     36.0  10.0      -0.231011      -0.562888       0.005049
   -6048.105704      -1.684381       0.000000       3.270000
   10520.472201  -20324.231295    -278.667902  -10082.426996446
--------- END OF GENERAL DATA ----------
  5.6937503247  0.3018755268  0.0000000000  0.0060953235    0
  5.3691283939  0.2412870593  0.0000000000  0.0036655087    0
  4.8936626396  4.5106526765  0.0000000000  0.0473409671    0
  5.6959456885  0.3164574788  0.0000000000  0.0052736838    0
  5.3761684894  0.2500247007  0.0000000000  0.0035202282    0
  4.8761197594  4.1486915519  0.0000000000  0.0359644618    0
--------- END OF START DATA ------------
 -0.2705068442 -0.1653642358  0.4075820811  0.4300074629  4.5595560989 -0.5516879941
 -0.1813459373  0.8530968098  0.4025710813  0.1180788969  6.3872466919 -0.5194036887
 -0.1648928063 -0.1604975084  0.1344894755  0.0063121972  0.9654569385 -3.0259647667
 -0.2641107093 -0.1623729789  0.4082296236  0.4300410843  4.5698542194 -0.5498948659
 -0.1659206088  0.8551159592  0.4026681227  0.1179916238  6.3760382413 -0.5190612941
 -0.1663480434 -0.1432562596  0.1357101442  0.0071877847  0.9820888229 -2.7055496015
--------- END OF POT PARAMETERS --------
