   < Pd >  46.0       2.835834     2 2 0  T T     557  0.020
     36.0  10.0      -0.231011      -0.562888       0.005049
   -6048.105698      -1.684379       0.000000       3.270000
   10520.472201  -20324.231295    -278.667902  -10082.426996405
--------- END OF GENERAL DATA ----------
  5.6937503147  0.3018755252  0.0000000000  0.0060953235    0
  5.3691283858  0.2412870585  0.0000000000  0.0036655087    0
  4.8936626507  4.5106526796  0.0000000000  0.0473409670    0
  5.6959456840  0.3164574799  0.0000000000  0.0052736837    0
  5.3761684821  0.2500247011  0.0000000000  0.0035202281    0
  4.8761197633  4.1486915424  0.0000000000  0.0359644616    0
--------- END OF START DATA ------------
 -0.2705067039 -0.1653640785  0.4075820814  0.4300074633  4.5595561317 -0.5516878368
 -0.1813457968  0.8530969689  0.4025710819  0.1180788971  6.3872467216 -0.5194035313
 -0.1648926308 -0.1604973452  0.1344894760  0.0063121965  0.9654569338 -3.0259649662
 -0.2641105622 -0.1623728239  0.4082296240  0.4300410845  4.5698542411 -0.5498947114
 -0.1659204691  0.8551161158  0.4026681234  0.1179916241  6.3760382705 -0.5190611396
 -0.1663478753 -0.1432560952  0.1357101450  0.0071877844  0.9820888249 -2.7055495705
--------- END OF POT PARAMETERS --------
