   < Pd >  46.0       2.835834     2 2 0  T T     557  0.020
     36.0  10.0      -0.231011      -0.562888       0.005049
   -6048.105696      -1.684379       0.000000       3.270000
   10520.472201  -20324.231296    -278.667902  -10082.426996370
--------- END OF GENERAL DATA ----------
  5.6937503131  0.3018755248  0.0000000000  0.0060953235    0
  5.3691283852  0.2412870598  0.0000000000  0.0036655087    0
  4.8936626562  4.5106526861  0.0000000000  0.0473409669    0
  5.6959456859  0.3164574802  0.0000000000  0.0052736837    0
  5.3761684793  0.2500246995  0.0000000000  0.0035202281    0
  4.8761197662  4.1486915317  0.0000000000  0.0359644616    0
--------- END OF START DATA ------------
 -0.2705066629 -0.1653640348  0.4075820815  0.4300074634  4.5595561391 -0.5516877933
 -0.1813457543  0.8530970129  0.4025710820  0.1180788972  6.3872467246 -0.5194034876
 -0.1648925775 -0.1604972979  0.1344894763  0.0063121961  0.9654569319 -3.0259651031
 -0.2641105157 -0.1623727806  0.4082296241  0.4300410845  4.5698542401 -0.5498946683
 -0.1659204315  0.8551161599  0.4026681236  0.1179916242  6.3760382821 -0.5190610964
 -0.1663478242 -0.1432560468  0.1357101454  0.0071877842  0.9820888254 -2.7055496081
--------- END OF POT PARAMETERS --------
