   < Fe >  26.0       2.835834     2 2 0  T T     501  0.020
     18.0   8.0       0.127977      -0.623065       0.010160
   -1484.619965      -1.460685       0.000000       0.000000
    2574.637445   -5008.387167    -107.368211   -2541.117932895
--------- END OF GENERAL DATA ----------
  4.6662582100  0.3544988320  0.0000000000  0.0073203344    0
  4.4096196403  0.4202306537  0.0000000000  0.0071842518    0
  3.8900473540  4.6831207073  0.0000000000  0.0440653740    0
  4.6609013820  0.3594363955  0.0000000000  0.0074688593    0
  4.4099879389  0.4344820608  0.0000000000  0.0075539039    0
  3.6406105569  1.8762082076  0.0000000000  0.0210845400    0
--------- END OF START DATA ------------
 -0.3961146350 -0.2554697821  0.3941650738  0.4264180463  4.0740300532 -0.6198197191
 -0.2453585480  0.6399714667  0.3821206715  0.1134279984  5.5206585547 -0.6473291861
 -0.1693478710 -0.1647234069  0.0999104790 -0.0029047408  0.6170226084  3.2717836353
 -0.3645135455 -0.2122510555  0.3993499955  0.4277085637  4.2122312575 -0.5851208208
 -0.2143516056  0.6866571876  0.3864218505  0.1141071965  5.6513052783 -0.6219499126
 -0.1065594577  0.0282157960  0.1171732964  0.0040143174  0.7527994339 -3.3919408394
--------- END OF POT PARAMETERS --------
