   < ES >   0.0       2.835834     2 2 0  T T     135  0.020
      0.0   0.0       0.164064       0.148445      -0.005189
       0.000000      -0.018745       0.000000       0.000000
      -0.053026       0.043019      -0.039848      -0.049853922
--------- END OF GENERAL DATA ----------
  1.2911273274  0.0305087809  0.0000000000  0.0002718112    0
  2.1890205399  0.0360646145  0.0000000000  0.0003169753    0
  3.1296655536  0.0196130540  0.0000000000  0.0001406060    0
  1.2870009919  0.0278902925  0.0000000000  0.0002506693    0
  2.1870683942  0.0323791088  0.0000000000  0.0002811681    0
  3.1291152352  0.0176083875  0.0000000000  0.0001332878    0
--------- END OF START DATA ------------
 -0.1143855413  0.5802193349  0.3857389678  0.4317344643  3.7908845683  0.2355723148
 -0.1164995605  1.5962127795  0.4098860610  0.1211354240  6.8482692676  0.2092539276
 -0.0934027937  3.0984130165  0.4378676932  0.0660424433 10.8010596330  0.1952023872
 -0.1211524908  0.5849876848  0.3862116053  0.4320420140  3.8140927388  0.2397413922
 -0.1264457666  1.6027363018  0.4104497121  0.1212795509  6.8827046542  0.2136124016
 -0.0993055336  3.1051055677  0.4381912475  0.0660899583 10.8271094052  0.1996920167
--------- END OF POT PARAMETERS --------
