   < Fe >  26.0       2.835834     2 2 0  T T     501  0.020
     18.0   8.0       0.127977      -0.623066       0.010160
   -1484.619970      -1.460687       0.000000       0.000000
    2574.637445   -5008.387167    -107.368210   -2541.117932929
--------- END OF GENERAL DATA ----------
  4.6662582278  0.3544988345  0.0000000000  0.0073203345    0
  4.4096196728  0.4202306526  0.0000000000  0.0071842518    0
  3.8900473050  4.6831205901  0.0000000000  0.0440653739    0
  4.6609013888  0.3594363940  0.0000000000  0.0074688593    0
  4.4099879698  0.4344820640  0.0000000000  0.0075539039    0
  3.6406106285  1.8762083331  0.0000000000  0.0210845400    0
--------- END OF START DATA ------------
 -0.3961148602 -0.2554700336  0.3941650736  0.4264180456  4.0740300089 -0.6198199708
 -0.2453587433  0.6399712104  0.3821206696  0.1134279976  5.5206584445 -0.6473294390
 -0.1693481587 -0.1647236652  0.0999104785 -0.0029047384  0.6170226202  3.2717861524
 -0.3645137767 -0.2122512978  0.3993499942  0.4277085632  4.2122312102 -0.5851210611
 -0.2143517910  0.6866569398  0.3864218477  0.1141071956  5.6513051434 -0.6219501522
 -0.1065597029  0.0282155099  0.1171732898  0.0040143152  0.7527993824 -3.3919426154
--------- END OF POT PARAMETERS --------
