   < Fe >  26.0       2.835834     2 2 0  T T     501  0.020
     18.0   8.0       0.127977      -0.623065       0.010160
   -1484.619967      -1.460686       0.000000       0.000000
    2574.637445   -5008.387167    -107.368211   -2541.117932925
--------- END OF GENERAL DATA ----------
  4.6662582073  0.3544988317  0.0000000000  0.0073203345    0
  4.4096196348  0.4202306530  0.0000000000  0.0071842518    0
  3.8900473472  4.6831206966  0.0000000000  0.0440653740    0
  4.6609013798  0.3594363959  0.0000000000  0.0074688593    0
  4.4099879378  0.4344820617  0.0000000000  0.0075539039    0
  3.6406105600  1.8762082201  0.0000000000  0.0210845400    0
--------- END OF START DATA ------------
 -0.3961147315 -0.2554698746  0.3941650738  0.4264180464  4.0740300586 -0.6198198115
 -0.2453586500  0.6399713749  0.3821206718  0.1134279986  5.5206585723 -0.6473292784
 -0.1693479706 -0.1647235024  0.0999104788 -0.0029047404  0.6170226095  3.2717839549
 -0.3645136402 -0.2122511471  0.3993499954  0.4277085638  4.2122312587 -0.5851209120
 -0.2143516988  0.6866570960  0.3864218504  0.1141071965  5.6513052778 -0.6219500037
 -0.1065595529  0.0282156979  0.1171732956  0.0040143173  0.7527994289 -3.3919409899
--------- END OF POT PARAMETERS --------
