   < Fe >  26.0       2.835834     2 2 0  T T     501  0.020
     18.0   8.0       0.127977      -0.623065       0.010160
   -1484.619966      -1.460685       0.000000       0.000000
    2574.637445   -5008.387167    -107.368211   -2541.117932934
--------- END OF GENERAL DATA ----------
  4.6662581976  0.3544988310  0.0000000000  0.0073203344    0
  4.4096196351  0.4202306552  0.0000000000  0.0071842518    0
  3.8900473548  4.6831207220  0.0000000000  0.0440653740    0
  4.6609013761  0.3594363961  0.0000000000  0.0074688593    0
  4.4099879327  0.4344820592  0.0000000000  0.0075539039    0
  3.6406105307  1.8762081899  0.0000000000  0.0210845400    0
--------- END OF START DATA ------------
 -0.3961146963 -0.2554698251  0.3941650738  0.4264180468  4.0740300784 -0.6198197617
 -0.2453585996  0.6399714242  0.3821206716  0.1134279985  5.5206585665 -0.6473292284
 -0.1693479214 -0.1647234578  0.0999104785 -0.0029047407  0.6170226061  3.2717836728
 -0.3645135982 -0.2122510995  0.3993499955  0.4277085639  4.2122312705 -0.5851208645
 -0.2143516604  0.6866571445  0.3864218508  0.1141071967  5.6513052975 -0.6219499562
 -0.1065595146  0.0282157497  0.1171732969  0.0040143181  0.7527994421 -3.3919402833
--------- END OF POT PARAMETERS --------
