   < Fe >  26.0       2.835834     2 2 0  T T     501  0.020
     18.0   8.0       0.127977      -0.623066       0.010160
   -1484.619971      -1.460687       0.000000       0.000000
    2574.637445   -5008.387167    -107.368210   -2541.117932925
--------- END OF GENERAL DATA ----------
  4.6662582362  0.3544988353  0.0000000000  0.0073203345    0
  4.4096196708  0.4202306506  0.0000000000  0.0071842518    0
  3.8900473026  4.6831205884  0.0000000000  0.0440653739    0
  4.6609013928  0.3594363934  0.0000000000  0.0074688593    0
  4.4099879725  0.4344820662  0.0000000000  0.0075539039    0
  3.6406106360  1.8762083365  0.0000000000  0.0210845402    0
--------- END OF START DATA ------------
 -0.3961148776 -0.2554700635  0.3941650735  0.4264180452  4.0740299891 -0.6198200008
 -0.2453587767  0.6399711809  0.3821206698  0.1134279977  5.5206584525 -0.6473294688
 -0.1693481886 -0.1647236937  0.0999104786 -0.0029047383  0.6170226212  3.2717862335
 -0.3645137999 -0.2122513270  0.3993499942  0.4277085630  4.2122311997 -0.5851210903
 -0.2143518153  0.6866569103  0.3864218475  0.1141071955  5.6513051339 -0.6219501814
 -0.1065597295  0.0282154800  0.1171732895  0.0040143150  0.7527993792 -3.3919428152
--------- END OF POT PARAMETERS --------
