   < Fe >  26.0       2.835834     2 2 0  T T     501  0.020
     18.0   8.0       0.127977      -0.623065       0.010160
   -1484.619967      -1.460686       0.000000       0.000000
    2574.637445   -5008.387167    -107.368211   -2541.117932904
--------- END OF GENERAL DATA ----------
  4.6662582166  0.3544988330  0.0000000000  0.0073203345    0
  4.4096196380  0.4202306516  0.0000000000  0.0071842518    0
  3.8900473460  4.6831206880  0.0000000000  0.0440653740    0
  4.6609013844  0.3594363949  0.0000000000  0.0074688593    0
  4.4099879424  0.4344820632  0.0000000000  0.0075539039    0
  3.6406105724  1.8762082300  0.0000000000  0.0210845401    0
--------- END OF START DATA ------------
 -0.3961146966 -0.2554698534  0.3941650738  0.4264180460  4.0740300379 -0.6198197905
 -0.2453586234  0.6399713958  0.3821206717  0.1134279985  5.5206585639 -0.6473292576
 -0.1693479468 -0.1647234778  0.0999104791 -0.0029047404  0.6170226107  3.2717839906
 -0.3645136116 -0.2122511254  0.3993499953  0.4277085636  4.2122312474 -0.5851208904
 -0.2143516689  0.6866571172  0.3864218501  0.1141071964  5.6513052625 -0.6219499821
 -0.1065595257  0.0282157199  0.1171732953  0.0040143169  0.7527994246 -3.3919412504
--------- END OF POT PARAMETERS --------
