   < Fe >  26.0       2.835834     2 2 0  T T     501  0.020
     18.0   8.0       0.127977      -0.623065       0.010160
   -1484.619964      -1.460685       0.000000       0.000000
    2574.637445   -5008.387167    -107.368211   -2541.117932864
--------- END OF GENERAL DATA ----------
  4.6662582124  0.3544988321  0.0000000000  0.0073203344    0
  4.4096196396  0.4202306538  0.0000000000  0.0071842518    0
  3.8900473671  4.6831207242  0.0000000000  0.0440653740    0
  4.6609013857  0.3594363954  0.0000000000  0.0074688593    0
  4.4099879383  0.4344820604  0.0000000000  0.0075539039    0
  3.6406105441  1.8762081885  0.0000000000  0.0210845400    0
--------- END OF START DATA ------------
 -0.3961145973 -0.2554697479  0.3941650738  0.4264180462  4.0740300487 -0.6198196850
 -0.2453585149  0.6399715012  0.3821206716  0.1134279985  5.5206585584 -0.6473291519
 -0.1693478252 -0.1647233689  0.0999104793 -0.0029047414  0.6170226058  3.2717828998
 -0.3645135088 -0.2122510242  0.3993499958  0.4277085636  4.2122312559 -0.5851207899
 -0.2143515758  0.6866572195  0.3864218508  0.1141071966  5.6513052879 -0.6219498820
 -0.1065594228  0.0282158390  0.1171732979  0.0040143178  0.7527994453 -3.3919405393
--------- END OF POT PARAMETERS --------
