   < Fe >  26.0       2.835834     2 2 0  T T     501  0.020
     18.0   8.0       0.127977      -0.623065       0.010160
   -1484.619965      -1.460685       0.000000       0.000000
    2574.637445   -5008.387167    -107.368211   -2541.117932904
--------- END OF GENERAL DATA ----------
  4.6662582076  0.3544988319  0.0000000000  0.0073203344    0
  4.4096196346  0.4202306552  0.0000000000  0.0071842518    0
  3.8900473688  4.6831207555  0.0000000000  0.0440653740    0
  4.6609013805  0.3594363954  0.0000000000  0.0074688593    0
  4.4099879330  0.4344820587  0.0000000000  0.0075539039    0
  3.6406105056  1.8762081525  0.0000000000  0.0210845400    0
--------- END OF START DATA ------------
 -0.3961146181 -0.2554697618  0.3941650736  0.4264180463  4.0740300523 -0.6198196983
 -0.2453585368  0.6399714877  0.3821206716  0.1134279986  5.5206585667 -0.6473291646
 -0.1693478489 -0.1647233937  0.0999104785 -0.0029047413  0.6170226024  3.2717829708
 -0.3645135313 -0.2122510389  0.3993499958  0.4277085638  4.2122312673 -0.5851208046
 -0.2143515999  0.6866572053  0.3864218510  0.1141071967  5.6513053044 -0.6219498966
 -0.1065594555  0.0282158224  0.1171732989  0.0040143189  0.7527994582 -3.3919396763
--------- END OF POT PARAMETERS --------
