   < Fe >  26.0       2.835834     2 2 0  T T     501  0.020
     18.0   8.0       0.127977      -0.623066       0.010160
   -1484.619973      -1.460688       0.000000       0.000000
    2574.637445   -5008.387167    -107.368210   -2541.117932892
--------- END OF GENERAL DATA ----------
  4.6662582658  0.3544988380  0.0000000000  0.0073203345    0
  4.4096197064  0.4202306514  0.0000000000  0.0071842518    0
  3.8900472808  4.6831205308  0.0000000000  0.0440653738    0
  4.6609014108  0.3594363915  0.0000000000  0.0074688593    0
  4.4099880043  0.4344820667  0.0000000000  0.0075539039    0
  3.6406106663  1.8762083951  0.0000000000  0.0210845400    0
--------- END OF START DATA ------------
 -0.3961149381 -0.2554701679  0.3941650730  0.4264180440  4.0740299149 -0.6198201054
 -0.2453588190  0.6399710715  0.3821206676  0.1134279968  5.5206583306 -0.6473295741
 -0.1693483092 -0.1647238011  0.0999104784 -0.0029047372  0.6170226264  3.2717873744
 -0.3645138727 -0.2122514273  0.3993499933  0.4277085622  4.2122311396 -0.5851211897
 -0.2143518581  0.6866568051  0.3864218452  0.1141071947  5.6513050112 -0.6219502807
 -0.1065598319  0.0282153599  0.1171732865  0.0040143141  0.7527993567 -3.3919435551
--------- END OF POT PARAMETERS --------
