   < Fe >  26.0       2.835834     2 2 0  T T     501  0.020
     18.0   8.0       0.127977      -0.623065       0.010160
   -1484.619969      -1.460686       0.000000       0.000000
    2574.637445   -5008.387167    -107.368210   -2541.117932948
--------- END OF GENERAL DATA ----------
  4.6662582187  0.3544988327  0.0000000000  0.0073203345    0
  4.4096196370  0.4202306508  0.0000000000  0.0071842518    0
  3.8900473292  4.6831206721  0.0000000000  0.0440653740    0
  4.6609013834  0.3594363952  0.0000000000  0.0074688593    0
  4.4099879448  0.4344820643  0.0000000000  0.0075539039    0
  3.6406105814  1.8762082484  0.0000000000  0.0210845402    0
--------- END OF START DATA ------------
 -0.3961147893 -0.2554699493  0.3941650736  0.4264180459  4.0740300293 -0.6198198863
 -0.2453587210  0.6399712997  0.3821206716  0.1134279985  5.5206585640 -0.6473293532
 -0.1693480596 -0.1647235806  0.0999104786 -0.0029047395  0.6170226135  3.2717849160
 -0.3645137054 -0.2122512180  0.3993499949  0.4277085635  4.2122312395 -0.5851209823
 -0.2143517566  0.6866570237  0.3864218497  0.1141071963  5.6513052442 -0.6219500737
 -0.1065596262  0.0282156120  0.1171732934  0.0040143166  0.7527994124 -3.3919415186
--------- END OF POT PARAMETERS --------
