   < Fe >  26.0       2.835834     2 2 0  T T     501  0.020
     18.0   8.0       0.127977      -0.623065       0.010160
   -1484.619964      -1.460685       0.000000       0.000000
    2574.637445   -5008.387167    -107.368211   -2541.117932876
--------- END OF GENERAL DATA ----------
  4.6662582126  0.3544988322  0.0000000000  0.0073203344    0
  4.4096196387  0.4202306550  0.0000000000  0.0071842518    0
  3.8900473689  4.6831207453  0.0000000000  0.0440653740    0
  4.6609013845  0.3594363951  0.0000000000  0.0074688593    0
  4.4099879359  0.4344820589  0.0000000000  0.0075539039    0
  3.6406105258  1.8762081647  0.0000000000  0.0210845400    0
--------- END OF START DATA ------------
 -0.3961145884 -0.2554697394  0.3941650737  0.4264180462  4.0740300445 -0.6198196763
 -0.2453585077  0.6399715097  0.3821206715  0.1134279985  5.5206585575 -0.6473291429
 -0.1693478201 -0.1647233649  0.0999104790 -0.0029047414  0.6170226041  3.2717828865
 -0.3645135022 -0.2122510158  0.3993499958  0.4277085637  4.2122312590 -0.5851207816
 -0.2143515717  0.6866572282  0.3864218509  0.1141071966  5.6513052962 -0.6219498736
 -0.1065594219  0.0282158478  0.1171732985  0.0040143183  0.7527994522 -3.3919401161
--------- END OF POT PARAMETERS --------
