   < ES >   0.0       2.835834     2 2 0  T T     135  0.020
      0.0   0.0       0.164064       0.148445      -0.005189
       0.000000      -0.018745       0.000000       0.000000
      -0.053026       0.043019      -0.039848      -0.049853925
--------- END OF GENERAL DATA ----------
  1.2911273188  0.0305087809  0.0000000000  0.0002718112    0
  2.1890205353  0.0360646143  0.0000000000  0.0003169753    0
  3.1296655517  0.0196130537  0.0000000000  0.0001406060    0
  1.2870009824  0.0278902925  0.0000000000  0.0002506693    0
  2.1870683916  0.0323791092  0.0000000000  0.0002811681    0
  3.1291152346  0.0176083878  0.0000000000  0.0001332878    0
--------- END OF START DATA ------------
 -0.1143855434  0.5802193576  0.3857389692  0.4317344650  3.7908846250  0.2355723357
 -0.1164995737  1.5962128062  0.4098860625  0.1211354243  6.8482693578  0.2092539478
 -0.0934028096  3.0984130462  0.4378676946  0.0660424435 10.8010597358  0.1952024071
 -0.1211524965  0.5849877074  0.3862116069  0.4320420148  3.8140928039  0.2397414127
 -0.1264457664  1.6027363253  0.4104497131  0.1212795511  6.8827047082  0.2136124212
 -0.0993055258  3.1051055905  0.4381912479  0.0660899584 10.8271094403  0.1996920359
--------- END OF POT PARAMETERS --------
