   < Fe >  26.0       2.835834     2 2 0  T T     501  0.020
     18.0   8.0       0.127977      -0.623065       0.010160
   -1484.619966      -1.460685       0.000000       0.000000
    2574.637445   -5008.387167    -107.368211   -2541.117932944
--------- END OF GENERAL DATA ----------
  4.6662581946  0.3544988317  0.0000000000  0.0073203344    0
  4.4096196310  0.4202306549  0.0000000000  0.0071842518    0
  3.8900473697  4.6831207695  0.0000000000  0.0440653739    0
  4.6609013724  0.3594363953  0.0000000000  0.0074688593    0
  4.4099879266  0.4344820590  0.0000000000  0.0075539039    0
  3.6406104782  1.8762081358  0.0000000000  0.0210845400    0
--------- END OF START DATA ------------
 -0.3961146902 -0.2554698147  0.3941650735  0.4264180468  4.0740300787 -0.6198197507
 -0.2453585956  0.6399714350  0.3821206716  0.1134279986  5.5206585726 -0.6473292168
 -0.1693479095 -0.1647234548  0.0999104779 -0.0029047412  0.6170225999  3.2717829994
 -0.3645135976 -0.2122510931  0.3993499958  0.4277085641  4.2122312861 -0.5851208586
 -0.2143516654  0.6866571519  0.3864218514  0.1141071969  5.6513053246 -0.6219499505
 -0.1065595232  0.0282157659  0.1171732995  0.0040143197  0.7527994668 -3.3919391051
--------- END OF POT PARAMETERS --------
