   < Fe >  26.0       2.835834     2 2 0  T T     501  0.020
     18.0   8.0       0.127977      -0.623066       0.010160
   -1484.619973      -1.460688       0.000000       0.000000
    2574.637445   -5008.387167    -107.368210   -2541.117932884
--------- END OF GENERAL DATA ----------
  4.6662582751  0.3544988382  0.0000000000  0.0073203345    0
  4.4096197073  0.4202306510  0.0000000000  0.0071842518    0
  3.8900472811  4.6831205427  0.0000000000  0.0440653738    0
  4.6609014164  0.3594363914  0.0000000000  0.0074688593    0
  4.4099880070  0.4344820668  0.0000000000  0.0075539039    0
  3.6406106592  1.8762083820  0.0000000000  0.0210845400    0
--------- END OF START DATA ------------
 -0.3961148946 -0.2554701383  0.3941650728  0.4264180436  4.0740298902 -0.6198200757
 -0.2453587876  0.6399711010  0.3821206675  0.1134279968  5.5206583258 -0.6473295442
 -0.1693482811 -0.1647237732  0.0999104783 -0.0029047372  0.6170226259  3.2717874209
 -0.3645138346 -0.2122513976  0.3993499932  0.4277085620  4.2122311254 -0.5851211601
 -0.2143518236  0.6866568345  0.3864218450  0.1141071946  5.6513050021 -0.6219502510
 -0.1065598049  0.0282153901  0.1171732868  0.0040143143  0.7527993595 -3.3919433642
--------- END OF POT PARAMETERS --------
