   < Fe >  26.0       2.835834     2 2 0  T T     501  0.020
     18.0   8.0       0.127977      -0.623065       0.010160
   -1484.619969      -1.460686       0.000000       0.000000
    2574.637445   -5008.387167    -107.368211   -2541.117932939
--------- END OF GENERAL DATA ----------
  4.6662582175  0.3544988327  0.0000000000  0.0073203345    0
  4.4096196359  0.4202306507  0.0000000000  0.0071842518    0
  3.8900473395  4.6831206939  0.0000000000  0.0440653740    0
  4.6609013837  0.3594363952  0.0000000000  0.0074688593    0
  4.4099879418  0.4344820642  0.0000000000  0.0075539039    0
  3.6406105611  1.8762082238  0.0000000000  0.0210845400    0
--------- END OF START DATA ------------
 -0.3961147889 -0.2554699472  0.3941650736  0.4264180460  4.0740300310 -0.6198198841
 -0.2453587206  0.6399713020  0.3821206717  0.1134279985  5.5206585663 -0.6473293508
 -0.1693480515 -0.1647235787  0.0999104785 -0.0029047400  0.6170226106  3.2717843647
 -0.3645137055 -0.2122512183  0.3993499952  0.4277085636  4.2122312442 -0.5851209830
 -0.2143517627  0.6866570240  0.3864218500  0.1141071964  5.6513052599 -0.6219500745
 -0.1065596288  0.0282156200  0.1171732949  0.0040143172  0.7527994246 -3.3919410744
--------- END OF POT PARAMETERS --------
