   < Fe >  26.0       2.835834     2 2 0  T T     501  0.020
     18.0   8.0       0.127977      -0.623065       0.010160
   -1484.619967      -1.460686       0.000000       0.000000
    2574.637445   -5008.387167    -107.368211   -2541.117932901
--------- END OF GENERAL DATA ----------
  4.6662582164  0.3544988331  0.0000000000  0.0073203345    0
  4.4096196371  0.4202306523  0.0000000000  0.0071842518    0
  3.8900473572  4.6831207257  0.0000000000  0.0440653740    0
  4.6609013844  0.3594363946  0.0000000000  0.0074688593    0
  4.4099879390  0.4344820619  0.0000000000  0.0075539039    0
  3.6406105414  1.8762081874  0.0000000000  0.0210845400    0
--------- END OF START DATA ------------
 -0.3961146957 -0.2554698523  0.3941650736  0.4264180460  4.0740300348 -0.6198197892
 -0.2453586234  0.6399713969  0.3821206716  0.1134279985  5.5206585629 -0.6473292558
 -0.1693479419 -0.1647234797  0.0999104788 -0.0029047409  0.6170226068  3.2717834379
 -0.3645136129 -0.2122511265  0.3993499955  0.4277085636  4.2122312528 -0.5851208919
 -0.2143516765  0.6866571167  0.3864218505  0.1141071965  5.6513052795 -0.6219499837
 -0.1065595334  0.0282157274  0.1171732971  0.0040143179  0.7527994408 -3.3919405638
--------- END OF POT PARAMETERS --------
