   < Fe >  26.0       2.835834     2 2 0  T T     501  0.020
     18.0   8.0       0.127977      -0.623065       0.010160
   -1484.619967      -1.460686       0.000000       0.000000
    2574.637445   -5008.387167    -107.368211   -2541.117932941
--------- END OF GENERAL DATA ----------
  4.6662582056  0.3544988321  0.0000000000  0.0073203344    0
  4.4096196307  0.4202306540  0.0000000000  0.0071842518    0
  3.8900473638  4.6831207622  0.0000000000  0.0440653739    0
  4.6609013784  0.3594363951  0.0000000000  0.0074688593    0
  4.4099879304  0.4344820599  0.0000000000  0.0075539039    0
  3.6406104928  1.8762081456  0.0000000000  0.0210845400    0
--------- END OF START DATA ------------
 -0.3961147144 -0.2554698552  0.3941650734  0.4264180464  4.0740300529 -0.6198197914
 -0.2453586367  0.6399713946  0.3821206717  0.1134279986  5.5206585754 -0.6473292575
 -0.1693479520 -0.1647234938  0.0999104780 -0.0029047410  0.6170226020  3.2717832562
 -0.3645136273 -0.2122511318  0.3993499957  0.4277085639  4.2122312686 -0.5851208972
 -0.2143516972  0.6866571125  0.3864218511  0.1141071967  5.6513053096 -0.6219499891
 -0.1065595583  0.0282157237  0.1171732987  0.0040143193  0.7527994595 -3.3919394693
--------- END OF POT PARAMETERS --------
