   < Fe >  26.0       2.835834     2 2 0  T T     501  0.020
     18.0   8.0       0.127977      -0.623066       0.010160
   -1484.619973      -1.460688       0.000000       0.000000
    2574.637445   -5008.387167    -107.368210   -2541.117932893
--------- END OF GENERAL DATA ----------
  4.6662582664  0.3544988379  0.0000000000  0.0073203345    0
  4.4096197048  0.4202306518  0.0000000000  0.0071842518    0
  3.8900472914  4.6831205677  0.0000000000  0.0440653737    0
  4.6609014118  0.3594363915  0.0000000000  0.0074688592    0
  4.4099880012  0.4344820658  0.0000000000  0.0075539039    0
  3.6406106299  1.8762083533  0.0000000000  0.0210845400    0
--------- END OF START DATA ------------
 -0.3961149266 -0.2554701575  0.3941650728  0.4264180439  4.0740299085 -0.6198200946
 -0.2453588108  0.6399710821  0.3821206676  0.1134279968  5.5206583307 -0.6473295628
 -0.1693482972 -0.1647237955  0.0999104780 -0.0029047376  0.6170226222  3.2717868936
 -0.3645138635 -0.2122514194  0.3993499935  0.4277085622  4.2122311416 -0.5851211822
 -0.2143518562  0.6866568136  0.3864218455  0.1141071948  5.6513050265 -0.6219502733
 -0.1065598339  0.0282153752  0.1171732883  0.0040143151  0.7527993742 -3.3919427351
--------- END OF POT PARAMETERS --------
