   < Fe >  26.0       2.835834     2 2 0  T T     501  0.020
     18.0   8.0       0.127977      -0.623066       0.010160
   -1484.619971      -1.460687       0.000000       0.000000
    2574.637445   -5008.387167    -107.368210   -2541.117932930
--------- END OF GENERAL DATA ----------
  4.6662582379  0.3544988351  0.0000000000  0.0073203345    0
  4.4096196690  0.4202306516  0.0000000000  0.0071842518    0
  3.8900473199  4.6831206548  0.0000000000  0.0440653738    0
  4.6609013954  0.3594363933  0.0000000000  0.0074688593    0
  4.4099879674  0.4344820644  0.0000000000  0.0075539039    0
  3.6406105719  1.8762082617  0.0000000000  0.0210845400    0
--------- END OF START DATA ------------
 -0.3961148645 -0.2554700532  0.3941650731  0.4264180451  4.0740299759 -0.6198199899
 -0.2453587685  0.6399711913  0.3821206696  0.1134279977  5.5206584488 -0.6473294571
 -0.1693481771 -0.1647236926  0.0999104779 -0.0029047389  0.6170226139  3.2717854636
 -0.3645137901 -0.2122513209  0.3993499944  0.4277085630  4.2122312004 -0.5851210847
 -0.2143518188  0.6866569174  0.3864218481  0.1141071957  5.6513051587 -0.6219501761
 -0.1065597416  0.0282154981  0.1171732926  0.0040143169  0.7527994094 -3.3919413765
--------- END OF POT PARAMETERS --------
