   < Fe >  26.0       2.835834     2 2 0  T T     501  0.020
     18.0   8.0       0.127977      -0.623066       0.010160
   -1484.619970      -1.460687       0.000000       0.000000
    2574.637445   -5008.387167    -107.368210   -2541.117932941
--------- END OF GENERAL DATA ----------
  4.6662582270  0.3544988340  0.0000000000  0.0073203344    0
  4.4096196676  0.4202306543  0.0000000000  0.0071842518    0
  3.8900473279  4.6831206758  0.0000000000  0.0440653738    0
  4.6609013890  0.3594363940  0.0000000000  0.0074688593    0
  4.4099879615  0.4344820613  0.0000000000  0.0075539039    0
  3.6406105441  1.8762082362  0.0000000000  0.0210845399    0
--------- END OF START DATA ------------
 -0.3961148309 -0.2554700035  0.3941650731  0.4264180455  4.0740299991 -0.6198199398
 -0.2453587208  0.6399712411  0.3821206695  0.1134279977  5.5206584493 -0.6473294068
 -0.1693481269 -0.1647236473  0.0999104776 -0.0029047392  0.6170226105  3.2717851490
 -0.3645137521 -0.2122512732  0.3993499946  0.4277085633  4.2122312191 -0.5851210372
 -0.2143517818  0.6866569660  0.3864218485  0.1141071959  5.6513051813 -0.6219501286
 -0.1065597025  0.0282155501  0.1171732938  0.0040143177  0.7527994221 -3.3919407042
--------- END OF POT PARAMETERS --------
