   < Ir >  77.0       2.835834     2 2 0  T T     609  0.020
     68.0   9.0      -0.069315      -0.799915       0.004059
  -21920.483996      -2.490805       0.000000       2.550000
   40349.751747  -75308.963882    -676.299569  -35635.511703170
--------- END OF GENERAL DATA ----------
  6.7071214505  0.4124576893  0.0000000000  0.0117233576    0
  6.3794605998  0.4808543382  0.0000000000  0.0119254491    0
  5.8500548962  3.5554015084  0.0000000000  0.0915575764    0
  6.7113310643  0.4239981438  0.0000000000  0.0123119213    0
  6.3861158245  0.5010686757  0.0000000000  0.0124416875    0
  5.8459082049  3.5569048887  0.0000000000  0.0852510427    0
--------- END OF START DATA ------------
 -0.5038642232 -0.4220853721  0.4068836999  0.4297608582  4.5645435097 -0.8073072826
 -0.2758467102  0.7799793879  0.4136516699  0.1202100480  6.6877643777 -0.6434228972
 -0.2507754195 -0.1787474239  0.1689855514  0.0140879830  1.3549443331 -2.2057195119
 -0.4993088577 -0.4249501207  0.4069729696  0.4296063407  4.5555251689 -0.8104796235
 -0.2654951753  0.7760865724  0.4133427661  0.1200709729  6.6712162855 -0.6468362519
 -0.2569637442 -0.1794091729  0.1693074064  0.0143292948  1.3609722928 -2.1798445797
--------- END OF POT PARAMETERS --------
