   < Ir >  77.0       2.835834     2 2 0  T T     609  0.020
     68.0   9.0      -0.069315      -0.799915       0.004059
  -21920.484018      -2.490808       0.000000       2.550000
   40349.751748  -75308.963882    -676.299569  -35635.511702904
--------- END OF GENERAL DATA ----------
  6.7071215222  0.4124576941  0.0000000000  0.0117233575    0
  6.3794607062  0.4808543418  0.0000000000  0.0119254491    0
  5.8500548874  3.5554015103  0.0000000000  0.0915575759    0
  6.7113311235  0.4239981421  0.0000000000  0.0123119211    0
  6.3861159224  0.5010686773  0.0000000000  0.0124416874    0
  5.8459082052  3.5569049007  0.0000000000  0.0852510422    0
--------- END OF START DATA ------------
 -0.5038644234 -0.4220856984  0.4068836994  0.4297608552  4.5645433084 -0.8073076107
 -0.2758468173  0.7799790451  0.4136516635  0.1202100455  6.6877640945 -0.6434232256
 -0.2507757544 -0.1787477471  0.1689855519  0.0140879835  1.3549443449 -2.2057197702
 -0.4993090764 -0.4249504452  0.4069729691  0.4296063382  4.5555249979 -0.8104799493
 -0.2654953021  0.7760862334  0.4133427603  0.1200709706  6.6712160277 -0.6468365780
 -0.2569640678 -0.1794094968  0.1693074064  0.0143292948  1.3609722929 -2.1798449050
--------- END OF POT PARAMETERS --------
