   < ES >   0.0       2.835834     2 2 0  T T     135  0.020
      0.0   0.0       0.164064       0.148445      -0.005189
       0.000000      -0.018745       0.000000       0.000000
      -0.053026       0.043019      -0.039848      -0.049853913
--------- END OF GENERAL DATA ----------
  1.2911273087  0.0305087809  0.0000000000  0.0002718112    0
  2.1890205322  0.0360646142  0.0000000000  0.0003169753    0
  3.1296655495  0.0196130538  0.0000000000  0.0001406060    0
  1.2870009744  0.0278902925  0.0000000000  0.0002506693    0
  2.1870683883  0.0323791092  0.0000000000  0.0002811681    0
  3.1291152312  0.0176083875  0.0000000000  0.0001332878    0
--------- END OF START DATA ------------
 -0.1143853695  0.5802195607  0.3857389708  0.4317344658  3.7908846915  0.2355725366
 -0.1164993963  1.5962130107  0.4098860636  0.1211354246  6.8482694196  0.2092541479
 -0.0934026513  3.0984132573  0.4378676961  0.0660424437 10.8010598545  0.1952026069
 -0.1211523175  0.5849879101  0.3862116082  0.4320420155  3.8140928582  0.2397416136
 -0.1264455908  1.6027365303  0.4104497142  0.1212795514  6.8827047751  0.2136126214
 -0.0993053905  3.1051058078  0.4381912503  0.0660899587 10.8271096239  0.1996922360
--------- END OF POT PARAMETERS --------
