   < Ir >  77.0       2.835834     2 2 0  T T     609  0.020
     68.0   9.0      -0.069315      -0.799915       0.004059
  -21920.484008      -2.490806       0.000000       2.550000
   40349.751748  -75308.963882    -676.299569  -35635.511703008
--------- END OF GENERAL DATA ----------
  6.7071214919  0.4124576907  0.0000000000  0.0117233576    0
  6.3794606542  0.4808543418  0.0000000000  0.0119254492    0
  5.8500548960  3.5554015041  0.0000000000  0.0915575763    0
  6.7113311015  0.4239981442  0.0000000000  0.0123119213    0
  6.3861158685  0.5010686747  0.0000000000  0.0124416875    0
  5.8459082112  3.5569049016  0.0000000000  0.0852510426    0
--------- END OF START DATA ------------
 -0.5038643343 -0.4220855559  0.4068836998  0.4297608565  4.5645433987 -0.8073074678
 -0.2758467822  0.7799791959  0.4136516668  0.1202100468  6.6877642332 -0.6434230824
 -0.2507755983 -0.1787476019  0.1689855520  0.0140879830  1.3549443376 -2.2057197013
 -0.4993089742 -0.4249503036  0.4069729694  0.4296063392  4.5555250660 -0.8104798075
 -0.2654952695  0.7760863833  0.4133427636  0.1200709719  6.6712161695 -0.6468364357
 -0.2569639155 -0.1794093519  0.1693074066  0.0143292945  1.3609722891 -2.1798448137
--------- END OF POT PARAMETERS --------
