   < Ir >  77.0       2.835834     2 2 0  T T     609  0.020
     68.0   9.0      -0.069315      -0.799915       0.004059
  -21920.484012      -2.490807       0.000000       2.550000
   40349.751748  -75308.963882    -676.299569  -35635.511702977
--------- END OF GENERAL DATA ----------
  6.7071215048  0.4124576923  0.0000000000  0.0117233576    0
  6.3794606783  0.4808543439  0.0000000000  0.0119254492    0
  5.8500548856  3.5554014908  0.0000000000  0.0915575760    0
  6.7113311140  0.4239981430  0.0000000000  0.0123119213    0
  6.3861158894  0.5010686736  0.0000000000  0.0124416875    0
  5.8459082094  3.5569049144  0.0000000000  0.0852510424    0
--------- END OF START DATA ------------
 -0.5038643555 -0.4220855999  0.4068836996  0.4297608559  4.5645433588 -0.8073075119
 -0.2758467766  0.7799791479  0.4136516652  0.1202100462  6.6877641696 -0.6434231269
 -0.2507756579 -0.1787476483  0.1689855520  0.0140879836  1.3549443470 -2.2057196587
 -0.4993089947 -0.4249503465  0.4069729691  0.4296063386  4.5555250229 -0.8104798502
 -0.2654952696  0.7760863371  0.4133427621  0.1200709714  6.6712161133 -0.6468364783
 -0.2569639652 -0.1794093998  0.1693074061  0.0143292946  1.3609722873 -2.1798448353
--------- END OF POT PARAMETERS --------
