   < Ir >  77.0       2.835834     2 2 0  T T     609  0.020
     68.0   9.0      -0.069315      -0.799915       0.004059
  -21920.484015      -2.490807       0.000000       2.550000
   40349.751748  -75308.963882    -676.299569  -35635.511702915
--------- END OF GENERAL DATA ----------
  6.7071215079  0.4124576940  0.0000000000  0.0117233576    0
  6.3794606826  0.4808543401  0.0000000000  0.0119254492    0
  5.8500548970  3.5554015245  0.0000000000  0.0915575761    0
  6.7113311081  0.4239981416  0.0000000000  0.0123119212    0
  6.3861159015  0.5010686781  0.0000000000  0.0124416875    0
  5.8459082079  3.5569048868  0.0000000000  0.0852510424    0
--------- END OF START DATA ------------
 -0.5038644150 -0.4220856648  0.4068836996  0.4297608558  4.5645433526 -0.8073075770
 -0.2758468324  0.7799790827  0.4136516650  0.1202100461  6.6877641568 -0.6434231916
 -0.2507757060 -0.1787477109  0.1689855520  0.0140879829  1.3549443365 -2.2057198171
 -0.4993090710 -0.4249504121  0.4069729695  0.4296063389  4.5555250489 -0.8104799163
 -0.2654953117  0.7760862698  0.4133427617  0.1200709711  6.6712160838 -0.6468365452
 -0.2569640270 -0.1794094590  0.1693074068  0.0143292947  1.3609722935 -2.1798448995
--------- END OF POT PARAMETERS --------
