   < Ir >  77.0       2.835834     2 2 0  T T     609  0.020
     68.0   9.0      -0.069315      -0.799915       0.004059
  -21920.484000      -2.490806       0.000000       2.550000
   40349.751748  -75308.963882    -676.299569  -35635.511703143
--------- END OF GENERAL DATA ----------
  6.7071214581  0.4124576901  0.0000000000  0.0117233576    0
  6.3794606061  0.4808543378  0.0000000000  0.0119254492    0
  5.8500548999  3.5554015196  0.0000000000  0.0915575766    0
  6.7113310708  0.4239981434  0.0000000000  0.0123119213    0
  6.3861158289  0.5010686767  0.0000000000  0.0124416875    0
  5.8459082074  3.5569048810  0.0000000000  0.0852510428    0
--------- END OF START DATA ------------
 -0.5038642768 -0.4220854390  0.4068836999  0.4297608579  4.5645434913 -0.8073073499
 -0.2758467642  0.7799793203  0.4136516696  0.1202100479  6.6877643607 -0.6434229643
 -0.2507754793 -0.1787474882  0.1689855516  0.0140879827  1.3549443311 -2.2057196118
 -0.4993089127 -0.4249501873  0.4069729697  0.4296063405  4.5555251543 -0.8104796905
 -0.2654952333  0.7760865054  0.4133427659  0.1200709728  6.6712162746 -0.6468363189
 -0.2569638047 -0.1794092363  0.1693074066  0.0143292947  1.3609722925 -2.1798446694
--------- END OF POT PARAMETERS --------
