   < Ir >  77.0       2.835834     2 2 0  T T     609  0.020
     68.0   9.0      -0.069315      -0.799915       0.004059
  -21920.483998      -2.490805       0.000000       2.550000
   40349.751748  -75308.963882    -676.299569  -35635.511703131
--------- END OF GENERAL DATA ----------
  6.7071214585  0.4124576892  0.0000000000  0.0117233576    0
  6.3794606021  0.4808543378  0.0000000000  0.0119254492    0
  5.8500548959  3.5554015047  0.0000000000  0.0915575765    0
  6.7113310719  0.4239981442  0.0000000000  0.0123119213    0
  6.3861158252  0.5010686760  0.0000000000  0.0124416875    0
  5.8459082114  3.5569048936  0.0000000000  0.0852510428    0
--------- END OF START DATA ------------
 -0.5038642368 -0.4220853997  0.4068837000  0.4297608579  4.5645434912 -0.8073073106
 -0.2758467333  0.7799793602  0.4136516699  0.1202100480  6.6877643721 -0.6434229251
 -0.2507754444 -0.1787474481  0.1689855518  0.0140879830  1.3549443359 -2.2057195418
 -0.4993088709 -0.4249501475  0.4069729696  0.4296063404  4.5555251489 -0.8104796505
 -0.2654952006  0.7760865458  0.4133427661  0.1200709729  6.6712162831 -0.6468362786
 -0.2569637612 -0.1794091980  0.1693074064  0.0143292945  1.3609722871 -2.1798446569
--------- END OF POT PARAMETERS --------
