   < Ir >  77.0       2.835834     2 2 0  T T     609  0.020
     68.0   9.0      -0.069315      -0.799915       0.004059
  -21920.484005      -2.490806       0.000000       2.550000
   40349.751748  -75308.963882    -676.299569  -35635.511703049
--------- END OF GENERAL DATA ----------
  6.7071214925  0.4124576913  0.0000000000  0.0117233576    0
  6.3794606517  0.4808543411  0.0000000000  0.0119254492    0
  5.8500548884  3.5554014904  0.0000000000  0.0915575761    0
  6.7113311014  0.4239981433  0.0000000000  0.0123119213    0
  6.3861158661  0.5010686750  0.0000000000  0.0124416875    0
  5.8459082105  3.5569049109  0.0000000000  0.0852510426    0
--------- END OF START DATA ------------
 -0.5038642872 -0.4220855100  0.4068836997  0.4297608564  4.5645433937 -0.8073074216
 -0.2758467414  0.7799792420  0.4136516668  0.1202100468  6.6877642402 -0.6434230364
 -0.2507755645 -0.1787475585  0.1689855519  0.0140879834  1.3549443439 -2.2057195912
 -0.4993089278 -0.4249502571  0.4069729692  0.4296063391  4.5555250602 -0.8104797606
 -0.2654952274  0.7760864299  0.4133427635  0.1200709719  6.6712161747 -0.6468363886
 -0.2569638740 -0.1794093099  0.1693074062  0.0143292945  1.3609722865 -2.1798447553
--------- END OF POT PARAMETERS --------
