   < Ir >  77.0       2.835834     2 2 0  T T     609  0.020
     68.0   9.0      -0.069315      -0.799915       0.004059
  -21920.484024      -2.490808       0.000000       2.550000
   40349.751748  -75308.963882    -676.299569  -35635.511702852
--------- END OF GENERAL DATA ----------
  6.7071215437  0.4124576955  0.0000000000  0.0117233575    0
  6.3794607375  0.4808543404  0.0000000000  0.0119254491    0
  5.8500548866  3.5554015314  0.0000000000  0.0915575757    0
  6.7113311358  0.4239981415  0.0000000000  0.0123119211    0
  6.3861159568  0.5010686805  0.0000000000  0.0124416874    0
  5.8459081973  3.5569048836  0.0000000000  0.0852510420    0
--------- END OF START DATA ------------
 -0.5038644663 -0.4220857793  0.4068836990  0.4297608543  4.5645432430 -0.8073076917
 -0.2758468333  0.7799789593  0.4136516615  0.1202100447  6.6877640100 -0.6434233066
 -0.2507758387 -0.1787478306  0.1689855516  0.0140879835  1.3549443439 -2.2057198395
 -0.4993091356 -0.4249505263  0.4069729690  0.4296063377  4.5555249619 -0.8104800307
 -0.2654953140  0.7760861469  0.4133427582  0.1200709698  6.6712159385 -0.6468366600
 -0.2569641593 -0.1794095783  0.1693074065  0.0143292953  1.3609723009 -2.1798449264
--------- END OF POT PARAMETERS --------
