   < Ir >  77.0       2.835834     2 2 0  T T     609  0.020
     68.0   9.0      -0.069315      -0.799915       0.004059
  -21920.484003      -2.490806       0.000000       2.550000
   40349.751748  -75308.963882    -676.299569  -35635.511703142
--------- END OF GENERAL DATA ----------
  6.7071214554  0.4124576899  0.0000000000  0.0117233576    0
  6.3794606061  0.4808543379  0.0000000000  0.0119254492    0
  5.8500549008  3.5554015269  0.0000000000  0.0915575767    0
  6.7113310660  0.4239981435  0.0000000000  0.0123119213    0
  6.3861158282  0.5010686766  0.0000000000  0.0124416875    0
  5.8459082081  3.5569048751  0.0000000000  0.0852510428    0
--------- END OF START DATA ------------
 -0.5038643212 -0.4220854786  0.4068837000  0.4297608580  4.5645434998 -0.8073073895
 -0.2758468038  0.7799792807  0.4136516696  0.1202100479  6.6877643607 -0.6434230039
 -0.2507755172 -0.1787475272  0.1689855516  0.0140879827  1.3549443305 -2.2057196594
 -0.4993089605 -0.4249502265  0.4069729698  0.4296063407  4.5555251693 -0.8104797297
 -0.2654952740  0.7760864663  0.4133427660  0.1200709728  6.6712162767 -0.6468363583
 -0.2569638424 -0.1794092748  0.1693074067  0.0143292946  1.3609722922 -2.1798447152
--------- END OF POT PARAMETERS --------
