   < Ir >  77.0       2.835834     2 2 0  T T     609  0.020
     68.0   9.0      -0.069315      -0.799915       0.004059
  -21920.483997      -2.490805       0.000000       2.550000
   40349.751748  -75308.963882    -676.299569  -35635.511703135
--------- END OF GENERAL DATA ----------
  6.7071214588  0.4124576891  0.0000000000  0.0117233576    0
  6.3794606022  0.4808543385  0.0000000000  0.0119254492    0
  5.8500548950  3.5554014933  0.0000000000  0.0915575764    0
  6.7113310731  0.4239981442  0.0000000000  0.0123119213    0
  6.3861158259  0.5010686753  0.0000000000  0.0124416875    0
  5.8459082105  3.5569049036  0.0000000000  0.0852510428    0
--------- END OF START DATA ------------
 -0.5038642267 -0.4220853902  0.4068837000  0.4297608578  4.5645434895 -0.8073073011
 -0.2758467236  0.7799793696  0.4136516698  0.1202100480  6.6877643719 -0.6434229156
 -0.2507754367 -0.1787474393  0.1689855517  0.0140879830  1.3549443363 -2.2057195243
 -0.4993088599 -0.4249501386  0.4069729695  0.4296063403  4.5555251441 -0.8104796416
 -0.2654951901  0.7760865545  0.4133427660  0.1200709729  6.6712162809 -0.6468362696
 -0.2569637543 -0.1794091900  0.1693074063  0.0143292945  1.3609722875 -2.1798446397
--------- END OF POT PARAMETERS --------
