   < Ir >  77.0       2.835834     2 2 0  T T     609  0.020
     68.0   9.0      -0.069315      -0.799915       0.004059
  -21920.484012      -2.490807       0.000000       2.550000
   40349.751748  -75308.963882    -676.299569  -35635.511703027
--------- END OF GENERAL DATA ----------
  6.7071215045  0.4124576917  0.0000000000  0.0117233576    0
  6.3794606761  0.4808543437  0.0000000000  0.0119254492    0
  5.8500548820  3.5554014806  0.0000000000  0.0915575759    0
  6.7113311133  0.4239981434  0.0000000000  0.0123119213    0
  6.3861158877  0.5010686735  0.0000000000  0.0124416874    0
  5.8459082073  3.5569049222  0.0000000000  0.0852510424    0
--------- END OF START DATA ------------
 -0.5038643484 -0.4220855923  0.4068836995  0.4297608559  4.5645433569 -0.8073075041
 -0.2758467734  0.7799791557  0.4136516653  0.1202100462  6.6877641756 -0.6434231191
 -0.2507756569 -0.1787476427  0.1689855518  0.0140879838  1.3549443493 -2.2057196194
 -0.4993089886 -0.4249503392  0.4069729689  0.4296063386  4.5555250214 -0.8104798427
 -0.2654952656  0.7760863444  0.4133427621  0.1200709714  6.6712161173 -0.6468364707
 -0.2569639630 -0.1794093951  0.1693074059  0.0143292947  1.3609722877 -2.1798448085
--------- END OF POT PARAMETERS --------
