   < ES >   0.0       2.835834     2 2 0  T T     135  0.020
      0.0   0.0       0.164064       0.148445      -0.005189
       0.000000      -0.018745       0.000000       0.000000
      -0.053026       0.043019      -0.039848      -0.049853910
--------- END OF GENERAL DATA ----------
  1.2911273108  0.0305087808  0.0000000000  0.0002718112    0
  2.1890205335  0.0360646145  0.0000000000  0.0003169753    0
  3.1296655500  0.0196130542  0.0000000000  0.0001406060    0
  1.2870009766  0.0278902925  0.0000000000  0.0002506693    0
  2.1870683884  0.0323791088  0.0000000000  0.0002811681    0
  3.1291152306  0.0176083870  0.0000000000  0.0001332878    0
--------- END OF START DATA ------------
 -0.1143853343  0.5802195899  0.3857389705  0.4317344657  3.7908846780  0.2355725662
 -0.1164993571  1.5962130387  0.4098860632  0.1211354245  6.8482693946  0.2092541776
 -0.0934026121  3.0984132846  0.4378676958  0.0660424437 10.8010598279  0.1952026367
 -0.1211522812  0.5849879398  0.3862116078  0.4320420153  3.8140928426  0.2397416439
 -0.1264455595  1.6027365606  0.4104497142  0.1212795514  6.8827047718  0.2136126520
 -0.0993053712  3.1051058413  0.4381912507  0.0660899587 10.8271096547  0.1996922667
--------- END OF POT PARAMETERS --------
