   < Ir >  77.0       2.835834     2 2 0  T T     609  0.020
     68.0   9.0      -0.069315      -0.799915       0.004059
  -21920.484019      -2.490808       0.000000       2.550000
   40349.751748  -75308.963882    -676.299569  -35635.511702898
--------- END OF GENERAL DATA ----------
  6.7071215305  0.4124576954  0.0000000000  0.0117233575    0
  6.3794607119  0.4808543385  0.0000000000  0.0119254491    0
  5.8500548904  3.5554015355  0.0000000000  0.0915575758    0
  6.7113311260  0.4239981411  0.0000000000  0.0123119211    0
  6.3861159365  0.5010686811  0.0000000000  0.0124416874    0
  5.8459081975  3.5569048757  0.0000000000  0.0852510421    0
--------- END OF START DATA ------------
 -0.5038644095 -0.4220856993  0.4068836991  0.4297608548  4.5645432804 -0.8073076114
 -0.2758468059  0.7799790434  0.4136516630  0.1202100454  6.6877640778 -0.6434232260
 -0.2507757540 -0.1787477508  0.1689855515  0.0140879833  1.3549443397 -2.2057197897
 -0.4993090734 -0.4249504467  0.4069729691  0.4296063381  4.5555249914 -0.8104799509
 -0.2654952755  0.7760862296  0.4133427595  0.1200709703  6.6712159920 -0.6468365802
 -0.2569640786 -0.1794094979  0.1693074066  0.0143292953  1.3609723013 -2.1798448498
--------- END OF POT PARAMETERS --------
