   < Ir >  77.0       2.835834     2 2 0  T T     609  0.020
     68.0   9.0      -0.069315      -0.799915       0.004059
  -21920.484004      -2.490806       0.000000       2.550000
   40349.751748  -75308.963882    -676.299569  -35635.511703129
--------- END OF GENERAL DATA ----------
  6.7071214561  0.4124576898  0.0000000000  0.0117233576    0
  6.3794606064  0.4808543388  0.0000000000  0.0119254492    0
  5.8500548996  3.5554015171  0.0000000000  0.0915575766    0
  6.7113310674  0.4239981436  0.0000000000  0.0123119213    0
  6.3861158291  0.5010686757  0.0000000000  0.0124416875    0
  5.8459082062  3.5569048839  0.0000000000  0.0852510428    0
--------- END OF START DATA ------------
 -0.5038643308 -0.4220854895  0.4068836999  0.4297608579  4.5645434963 -0.8073074003
 -0.2758468141  0.7799792697  0.4136516696  0.1202100479  6.6877643600 -0.6434230148
 -0.2507755307 -0.1787475393  0.1689855515  0.0140879828  1.3549443309 -2.2057196592
 -0.4993089696 -0.4249502380  0.4069729697  0.4296063406  4.5555251636 -0.8104797411
 -0.2654952836  0.7760864545  0.4133427659  0.1200709728  6.6712162741 -0.6468363697
 -0.2569638574 -0.1794092876  0.1693074066  0.0143292948  1.3609722934 -2.1798447106
--------- END OF POT PARAMETERS --------
