   < Ir >  77.0       2.835834     2 2 0  T T     609  0.020
     68.0   9.0      -0.069315      -0.799915       0.004059
  -21920.484001      -2.490806       0.000000       2.550000
   40349.751747  -75308.963882    -676.299569  -35635.511703150
--------- END OF GENERAL DATA ----------
  6.7071214596  0.4124576889  0.0000000000  0.0117233576    0
  6.3794606058  0.4808543387  0.0000000000  0.0119254492    0
  5.8500548942  3.5554015069  0.0000000000  0.0915575765    0
  6.7113310713  0.4239981444  0.0000000000  0.0123119213    0
  6.3861158287  0.5010686754  0.0000000000  0.0124416875    0
  5.8459082064  3.5569048905  0.0000000000  0.0852510428    0
--------- END OF START DATA ------------
 -0.5038642771 -0.4220854420  0.4068836998  0.4297608578  4.5645434844 -0.8073073528
 -0.2758467678  0.7799793171  0.4136516695  0.1202100479  6.6877643619 -0.6434229672
 -0.2507754915 -0.1787474932  0.1689855515  0.0140879831  1.3549443357 -2.2057195664
 -0.4993089146 -0.4249501901  0.4069729695  0.4296063404  4.5555251481 -0.8104796930
 -0.2654952362  0.7760865024  0.4133427658  0.1200709728  6.6712162741 -0.6468363213
 -0.2569638120 -0.1794092426  0.1693074063  0.0143292947  1.3609722910 -2.1798446596
--------- END OF POT PARAMETERS --------
