   < Ir >  77.0       2.835834     2 2 0  T T     609  0.020
     68.0   9.0      -0.069315      -0.799915       0.004059
  -21920.484009      -2.490806       0.000000       2.550000
   40349.751748  -75308.963882    -676.299569  -35635.511703032
--------- END OF GENERAL DATA ----------
  6.7071214909  0.4124576917  0.0000000000  0.0117233576    0
  6.3794606535  0.4808543418  0.0000000000  0.0119254492    0
  5.8500548906  3.5554014939  0.0000000000  0.0915575762    0
  6.7113311016  0.4239981430  0.0000000000  0.0123119213    0
  6.3861158685  0.5010686744  0.0000000000  0.0124416875    0
  5.8459082112  3.5569049085  0.0000000000  0.0852510426    0
--------- END OF START DATA ------------
 -0.5038643388 -0.4220855587  0.4068836997  0.4297608565  4.5645433996 -0.8073074704
 -0.2758467865  0.7799791931  0.4136516668  0.1202100468  6.6877642354 -0.6434230852
 -0.2507756095 -0.1787476063  0.1689855520  0.0140879833  1.3549443423 -2.2057196589
 -0.4993089762 -0.4249503058  0.4069729693  0.4296063391  4.5555250613 -0.8104798094
 -0.2654952713  0.7760863810  0.4133427634  0.1200709719  6.6712161685 -0.6468364375
 -0.2569639206 -0.1794093573  0.1693074063  0.0143292945  1.3609722868 -2.1798448111
--------- END OF POT PARAMETERS --------
