   < Ir >  77.0       2.835834     2 2 0  T T     609  0.020
     68.0   9.0      -0.069315      -0.799915       0.004059
  -21920.484024      -2.490808       0.000000       2.550000
   40349.751748  -75308.963882    -676.299569  -35635.511702897
--------- END OF GENERAL DATA ----------
  6.7071215442  0.4124576948  0.0000000000  0.0117233575    0
  6.3794607360  0.4808543406  0.0000000000  0.0119254491    0
  5.8500548828  3.5554015186  0.0000000000  0.0915575756    0
  6.7113311370  0.4239981422  0.0000000000  0.0123119211    0
  6.3861159563  0.5010686801  0.0000000000  0.0124416874    0
  5.8459081960  3.5569048941  0.0000000000  0.0852510420    0
--------- END OF START DATA ------------
 -0.5038644574 -0.4220857714  0.4068836990  0.4297608542  4.5645432394 -0.8073076836
 -0.2758468284  0.7799789673  0.4136516615  0.1202100448  6.6877640142 -0.6434232985
 -0.2507758372 -0.1787478243  0.1689855516  0.0140879838  1.3549443467 -2.2057197990
 -0.4993091257 -0.4249505187  0.4069729688  0.4296063376  4.5555249550 -0.8104800229
 -0.2654953072  0.7760861545  0.4133427582  0.1200709698  6.6712159391 -0.6468366521
 -0.2569641555 -0.1794095732  0.1693074063  0.0143292954  1.3609723005 -2.1798449053
--------- END OF POT PARAMETERS --------
