   < Ir >  77.0       2.835834     2 2 0  T T     609  0.020
     68.0   9.0      -0.069315      -0.799915       0.004059
  -21920.484015      -2.490807       0.000000       2.550000
   40349.751748  -75308.963882    -676.299569  -35635.511702975
--------- END OF GENERAL DATA ----------
  6.7071215086  0.4124576936  0.0000000000  0.0117233575    0
  6.3794606816  0.4808543403  0.0000000000  0.0119254491    0
  5.8500548899  3.5554015080  0.0000000000  0.0915575760    0
  6.7113311111  0.4239981420  0.0000000000  0.0123119212    0
  6.3861159010  0.5010686775  0.0000000000  0.0124416874    0
  5.8459082068  3.5569048997  0.0000000000  0.0852510424    0
--------- END OF START DATA ------------
 -0.5038644073 -0.4220856584  0.4068836995  0.4297608558  4.5645433476 -0.8073075704
 -0.2758468280  0.7799790890  0.4136516650  0.1202100461  6.6877641600 -0.6434231852
 -0.2507757109 -0.1787477068  0.1689855519  0.0140879833  1.3549443424 -2.2057197508
 -0.4993090589 -0.4249504056  0.4069729692  0.4296063387  4.5555250345 -0.8104799094
 -0.2654953057  0.7760862763  0.4133427616  0.1200709711  6.6712160840 -0.6468365380
 -0.2569640256 -0.1794094566  0.1693074064  0.0143292947  1.3609722916 -2.1798448784
--------- END OF POT PARAMETERS --------
