   < Ir >  77.0       2.835834     2 2 0  T T     609  0.020
     68.0   9.0      -0.069315      -0.799915       0.004059
  -21920.484018      -2.490808       0.000000       2.550000
   40349.751748  -75308.963882    -676.299569  -35635.511702966
--------- END OF GENERAL DATA ----------
  6.7071215213  0.4124576936  0.0000000000  0.0117233575    0
  6.3794607034  0.4808543425  0.0000000000  0.0119254491    0
  5.8500548804  3.5554014928  0.0000000000  0.0915575757    0
  6.7113311246  0.4239981424  0.0000000000  0.0123119211    0
  6.3861159207  0.5010686762  0.0000000000  0.0124416874    0
  5.8459082041  3.5569049136  0.0000000000  0.0852510422    0
--------- END OF START DATA ------------
 -0.5038644087 -0.4220856822  0.4068836993  0.4297608552  4.5645433077 -0.8073075943
 -0.2758468069  0.7799790615  0.4136516636  0.1202100456  6.6877641024 -0.6434232093
 -0.2507757496 -0.1787477334  0.1689855518  0.0140879839  1.3549443506 -2.2057196947
 -0.4993090580 -0.4249504289  0.4069729688  0.4296063381  4.5555249887 -0.8104799326
 -0.2654952887  0.7760862498  0.4133427602  0.1200709706  6.6712160310 -0.6468365610
 -0.2569640567 -0.1794094848  0.1693074060  0.0143292949  1.3609722909 -2.1798448738
--------- END OF POT PARAMETERS --------
