   < Ir >  77.0       2.835834     2 2 0  T T     609  0.020
     68.0   9.0       0.011000      -0.845857       0.000187
  -21922.026819      -2.809433       0.000000       2.550000
   40349.904066  -75309.091387    -676.377079  -35635.564399930
--------- END OF GENERAL DATA ----------
  6.6982640050  0.4178957615  0.0000000000  0.0118453214    0
  6.3789174659  0.5174781219  0.0000000000  0.0136360052    0
  5.8455887114  3.5453112483  0.0000000000  0.1033503971    0
  6.7005690521  0.4204264641  0.0000000000  0.0129150637    0
  6.3795566062  0.5186841633  0.0000000000  0.0140088634    0
  5.8484113517  3.5912043933  0.0000000000  0.1068372142    0
--------- END OF START DATA ------------
 -0.5538739721 -0.4564104807  0.4076221248  0.4302131626  4.6029782982 -0.8426254972
 -0.3135716606  0.7456685255  0.4142135528  0.1202986853  6.6973156755 -0.6805516258
 -0.2840427872 -0.2055490637  0.1698811974  0.0142957804  1.3643037598 -2.2242878770
 -0.5510847708 -0.4576240306  0.4075322567  0.4301094412  4.5949963630 -0.8437618345
 -0.3131565458  0.7444542638  0.4141246095  0.1202763396  6.6946105248 -0.6814182718
 -0.2825137207 -0.2077380651  0.1697222601  0.0141359074  1.3607167411 -2.2454898863
--------- END OF POT PARAMETERS --------
