   < Ir >  77.0       2.835834     2 2 0  T T     609  0.020
     68.0   9.0       0.011000      -0.845858       0.000187
  -21922.026836      -2.809435       0.000000       2.550000
   40349.904067  -75309.091387    -676.377079  -35635.564399518
--------- END OF GENERAL DATA ----------
  6.6982641019  0.4178957628  0.0000000000  0.0118453214    0
  6.3789175799  0.5174781238  0.0000000000  0.0136360052    0
  5.8455887199  3.5453112768  0.0000000000  0.1033503965    0
  6.7005691493  0.4204264665  0.0000000000  0.0129150637    0
  6.3795567221  0.5186841672  0.0000000000  0.0140088633    0
  5.8484113509  3.5912043798  0.0000000000  0.1068372135    0
--------- END OF START DATA ------------
 -0.5538740831 -0.4564107580  0.4076221241  0.4302131587  4.6029780343 -0.8426257766
 -0.3135717018  0.7456682310  0.4142135460  0.1202986826  6.6973153726 -0.6805519049
 -0.2840430471 -0.2055493338  0.1698811979  0.0142957799  1.3643037562 -2.2242882247
 -0.5510848807 -0.4576243083  0.4075322562  0.4301094374  4.5949961009 -0.8437621147
 -0.3131565847  0.7444539686  0.4141246027  0.1202763370  6.6946102191 -0.6814185521
 -0.2825139904 -0.2077383329  0.1697222611  0.0141359075  1.3607167493 -2.2454901684
--------- END OF POT PARAMETERS --------
