   < Ir >  77.0       2.835834     2 2 0  T T     609  0.020
     68.0   9.0       0.011000      -0.845857       0.000187
  -21922.026832      -2.809434       0.000000       2.550000
   40349.904067  -75309.091387    -676.377079  -35635.564399529
--------- END OF GENERAL DATA ----------
  6.6982640820  0.4178957630  0.0000000000  0.0118453214    0
  6.3789175498  0.5174781237  0.0000000000  0.0136360053    0
  5.8455887278  3.5453112724  0.0000000000  0.1033503968    0
  6.7005691291  0.4204264654  0.0000000000  0.0129150637    0
  6.3795566924  0.5186841657  0.0000000000  0.0140088634    0
  5.8484113604  3.5912043832  0.0000000000  0.1068372138    0
--------- END OF START DATA ------------
 -0.5538740730 -0.4564107135  0.4076221246  0.4302131596  4.6029780974 -0.8426257323
 -0.3135717200  0.7456682805  0.4142135481  0.1202986834  6.6973154524 -0.6805518604
 -0.2840429879 -0.2055492842  0.1698811983  0.0142957795  1.3643037516 -2.2242882485
 -0.5510848710 -0.4576242636  0.4075322566  0.4301094383  4.5949961641 -0.8437620700
 -0.3131566016  0.7444540183  0.4141246047  0.1202763377  6.6946102973 -0.6814185073
 -0.2825139292 -0.2077382836  0.1697222614  0.0141359069  1.3607167425 -2.2454902066
--------- END OF POT PARAMETERS --------
