   < ES >   0.0       2.835834     2 2 0  T T     135  0.020
      0.0   0.0       0.164064       0.148445      -0.005189
       0.000000      -0.018745       0.000000       0.000000
      -0.053026       0.043019      -0.039848      -0.049853918
--------- END OF GENERAL DATA ----------
  1.2911273234  0.0305087809  0.0000000000  0.0002718112    0
  2.1890205384  0.0360646146  0.0000000000  0.0003169753    0
  3.1296655525  0.0196130542  0.0000000000  0.0001406060    0
  1.2870009859  0.0278902924  0.0000000000  0.0002506693    0
  2.1870683920  0.0323791087  0.0000000000  0.0002811681    0
  3.1291152333  0.0176083872  0.0000000000  0.0001332878    0
--------- END OF START DATA ------------
 -0.1143854618  0.5802194260  0.3857389685  0.4317344646  3.7908845951  0.2355724050
 -0.1164994815  1.5962128716  0.4098860615  0.1211354241  6.8482692978  0.2092540174
 -0.0934027247  3.0984131120  0.4378676940  0.0660424434 10.8010596926  0.1952024769
 -0.1211524165  0.5849877769  0.3862116063  0.4320420145  3.8140927791  0.2397414830
 -0.1264456926  1.6027363953  0.4104497129  0.1212795511  6.8827046985  0.2136124919
 -0.0993054796  3.1051056676  0.4381912488  0.0660899585 10.8271095078  0.1996921069
--------- END OF POT PARAMETERS --------
