   < Ir >  77.0       2.835834     2 2 0  T T     609  0.020
     68.0   9.0       0.011000      -0.845858       0.000187
  -21922.026839      -2.809435       0.000000       2.550000
   40349.904067  -75309.091387    -676.377079  -35635.564399482
--------- END OF GENERAL DATA ----------
  6.6982641166  0.4178957645  0.0000000000  0.0118453214    0
  6.3789175989  0.5174781256  0.0000000000  0.0136360052    0
  5.8455887173  3.5453112793  0.0000000000  0.1033503963    0
  6.7005691640  0.4204264654  0.0000000000  0.0129150636    0
  6.3795567402  0.5186841663  0.0000000000  0.0140088633    0
  5.8484113481  3.5912043774  0.0000000000  0.1068372133    0
--------- END OF START DATA ------------
 -0.5538740989 -0.4564107990  0.4076221239  0.4302131581  4.6029779914 -0.8426258177
 -0.3135717034  0.7456681870  0.4142135448  0.1202986822  6.6973153223 -0.6805519460
 -0.2840430925 -0.2055493759  0.1698811979  0.0142957801  1.3643037581 -2.2242882437
 -0.5510848958 -0.4576243488  0.4075322560  0.4301094368  4.5949960575 -0.8437621553
 -0.3131565878  0.7444539252  0.4141246016  0.1202763365  6.6946101711 -0.6814185928
 -0.2825140357 -0.2077383747  0.1697222610  0.0141359077  1.3607167514 -2.2454901842
--------- END OF POT PARAMETERS --------
