   < Ir >  77.0       2.835834     2 2 0  T T     609  0.020
     68.0   9.0       0.011000      -0.845857       0.000187
  -21922.026828      -2.809434       0.000000       2.550000
   40349.904067  -75309.091387    -676.377079  -35635.564399557
--------- END OF GENERAL DATA ----------
  6.6982640699  0.4178957623  0.0000000000  0.0118453214    0
  6.3789175301  0.5174781221  0.0000000000  0.0136360053    0
  5.8455887319  3.5453112781  0.0000000000  0.1033503971    0
  6.7005691187  0.4204264658  0.0000000000  0.0129150637    0
  6.3795566749  0.5186841665  0.0000000000  0.0140088634    0
  5.8484113625  3.5912043764  0.0000000000  0.1068372140    0
--------- END OF START DATA ------------
 -0.5538740326 -0.4564106524  0.4076221247  0.4302131601  4.6029781329 -0.8426256710
 -0.3135716997  0.7456683449  0.4142135493  0.1202986839  6.6973155043 -0.6805517989
 -0.2840429205 -0.2055492219  0.1698811983  0.0142957792  1.3643037480 -2.2242882205
 -0.5510848280 -0.4576242026  0.4075322568  0.4301094387  4.5949961960 -0.8437620090
 -0.3131565769  0.7444540821  0.4141246058  0.1202763381  6.6946103438 -0.6814184462
 -0.2825138638 -0.2077382208  0.1697222615  0.0141359068  1.3607167415 -2.2454901655
--------- END OF POT PARAMETERS --------
