   < Ir >  77.0       2.835834     2 2 0  T T     609  0.020
     68.0   9.0       0.011000      -0.845857       0.000187
  -21922.026821      -2.809433       0.000000       2.550000
   40349.904067  -75309.091387    -676.377079  -35635.564399780
--------- END OF GENERAL DATA ----------
  6.6982640202  0.4178957622  0.0000000000  0.0118453215    0
  6.3789174711  0.5174781210  0.0000000000  0.0136360053    0
  5.8455887270  3.5453112664  0.0000000000  0.1033503974    0
  6.7005690685  0.4204264640  0.0000000000  0.0129150637    0
  6.3795566119  0.5186841646  0.0000000000  0.0140088634    0
  5.8484113618  3.5912043809  0.0000000000  0.1068372144    0
--------- END OF START DATA ------------
 -0.5538740051 -0.4564105396  0.4076221251  0.4302131620  4.6029782674 -0.8426255571
 -0.3135717090  0.7456684666  0.4142135528  0.1202986852  6.6973156610 -0.6805516852
 -0.2840428179 -0.2055491134  0.1698811980  0.0142957795  1.3643037500 -2.2242880666
 -0.5510848016 -0.4576240895  0.4075322571  0.4301094407  4.5949963310 -0.8437618946
 -0.3131565937  0.7444542047  0.4141246095  0.1202763396  6.6946105103 -0.6814183317
 -0.2825137567 -0.2077381132  0.1697222610  0.0141359068  1.3607167382 -2.2454900409
--------- END OF POT PARAMETERS --------
