   < Ir >  77.0       2.835834     2 2 0  T T     609  0.020
     68.0   9.0       0.011000      -0.845857       0.000187
  -21922.026822      -2.809433       0.000000       2.550000
   40349.904067  -75309.091387    -676.377079  -35635.564399775
--------- END OF GENERAL DATA ----------
  6.6982640191  0.4178957618  0.0000000000  0.0118453214    0
  6.3789174717  0.5174781215  0.0000000000  0.0136360053    0
  5.8455887277  3.5453112657  0.0000000000  0.1033503974    0
  6.7005690658  0.4204264644  0.0000000000  0.0129150637    0
  6.3795566115  0.5186841641  0.0000000000  0.0140088634    0
  5.8484113632  3.5912043817  0.0000000000  0.1068372144    0
--------- END OF START DATA ------------
 -0.5538740263 -0.4564105589  0.4076221251  0.4302131621  4.6029782716 -0.8426255764
 -0.3135717271  0.7456684472  0.4142135528  0.1202986852  6.6973156594 -0.6805517046
 -0.2840428356 -0.2055491319  0.1698811981  0.0142957795  1.3643037499 -2.2242880923
 -0.5510848255 -0.4576241087  0.4075322571  0.4301094408  4.5949963394 -0.8437619138
 -0.3131566137  0.7444541856  0.4141246096  0.1202763396  6.6946105113 -0.6814183509
 -0.2825137735 -0.2077381318  0.1697222610  0.0141359068  1.3607167371 -2.2454900721
--------- END OF POT PARAMETERS --------
