   < Ir >  77.0       2.835834     2 2 0  T T     609  0.020
     68.0   9.0       0.011000      -0.845858       0.000187
  -21922.026834      -2.809434       0.000000       2.550000
   40349.904067  -75309.091387    -676.377079  -35635.564399507
--------- END OF GENERAL DATA ----------
  6.6982641003  0.4178957643  0.0000000000  0.0118453214    0
  6.3789175711  0.5174781257  0.0000000000  0.0136360053    0
  5.8455887237  3.5453112773  0.0000000000  0.1033503966    0
  6.7005691464  0.4204264648  0.0000000000  0.0129150637    0
  6.3795567101  0.5186841647  0.0000000000  0.0140088633    0
  5.8484113550  3.5912043780  0.0000000000  0.1068372135    0
--------- END OF START DATA ------------
 -0.5538740639 -0.4564107359  0.4076221242  0.4302131588  4.6029780421 -0.8426257547
 -0.3135716981  0.7456682546  0.4142135466  0.1202986829  6.6973153958 -0.6805518828
 -0.2840430180 -0.2055493093  0.1698811981  0.0142957797  1.3643037540 -2.2242882351
 -0.5510848631 -0.4576242856  0.4075322563  0.4301094375  4.5949961118 -0.8437620921
 -0.3131565869  0.7444539933  0.4141246035  0.1202763373  6.6946102505 -0.6814185294
 -0.2825139604 -0.2077383081  0.1697222612  0.0141359073  1.3607167465 -2.2454901815
--------- END OF POT PARAMETERS --------
