   < Ir >  77.0       2.835834     2 2 0  T T     609  0.020
     68.0   9.0       0.011000      -0.845857       0.000187
  -21922.026832      -2.809434       0.000000       2.550000
   40349.904067  -75309.091387    -676.377079  -35635.564399544
--------- END OF GENERAL DATA ----------
  6.6982640873  0.4178957624  0.0000000000  0.0118453214    0
  6.3789175595  0.5174781224  0.0000000000  0.0136360052    0
  5.8455887246  3.5453112794  0.0000000000  0.1033503967    0
  6.7005691378  0.4204264663  0.0000000000  0.0129150637    0
  6.3795567057  0.5186841678  0.0000000000  0.0140088634    0
  5.8484113528  3.5912043755  0.0000000000  0.1068372136    0
--------- END OF START DATA ------------
 -0.5538740469 -0.4564106967  0.4076221243  0.4302131593  4.6029780768 -0.8426257152
 -0.3135716828  0.7456682956  0.4142135473  0.1202986831  6.6973154263 -0.6805518433
 -0.2840429789 -0.2055492715  0.1698811979  0.0142957797  1.3643037519 -2.2242882012
 -0.5510848397 -0.4576242474  0.4075322564  0.4301094379  4.5949961358 -0.8437620538
 -0.3131565579  0.7444540322  0.4141246038  0.1202763374  6.6946102626 -0.6814184912
 -0.2825139254 -0.2077382702  0.1697222612  0.0141359074  1.3607167486 -2.2454901257
--------- END OF POT PARAMETERS --------
