   < Ir >  77.0       2.835834     2 2 0  T T     609  0.020
     68.0   9.0       0.011000      -0.845857       0.000187
  -21922.026819      -2.809433       0.000000       2.550000
   40349.904067  -75309.091387    -676.377079  -35635.564399776
--------- END OF GENERAL DATA ----------
  6.6982640194  0.4178957616  0.0000000000  0.0118453214    0
  6.3789174683  0.5174781218  0.0000000000  0.0136360053    0
  5.8455887271  3.5453112599  0.0000000000  0.1033503974    0
  6.7005690675  0.4204264645  0.0000000000  0.0129150637    0
  6.3795566094  0.5186841636  0.0000000000  0.0140088634    0
  5.8484113648  3.5912043868  0.0000000000  0.1068372144    0
--------- END OF START DATA ------------
 -0.5538739756 -0.4564105087  0.4076221252  0.4302131621  4.6029782716 -0.8426255263
 -0.3135716841  0.7456684980  0.4142135530  0.1202986853  6.6973156687 -0.6805516544
 -0.2840427856 -0.2055490811  0.1698811981  0.0142957795  1.3643037510 -2.2242880385
 -0.5510847723 -0.4576240584  0.4075322571  0.4301094407  4.5949963344 -0.8437618635
 -0.3131565677  0.7444542363  0.4141246097  0.1202763397  6.6946105164 -0.6814183005
 -0.2825137213 -0.2077380816  0.1697222609  0.0141359067  1.3607167353 -2.2454900342
--------- END OF POT PARAMETERS --------
