   < Ir >  77.0       2.835834     2 2 0  T T     609  0.020
     68.0   9.0       0.011000      -0.845857       0.000187
  -21922.026822      -2.809433       0.000000       2.550000
   40349.904067  -75309.091387    -676.377079  -35635.564399782
--------- END OF GENERAL DATA ----------
  6.6982640199  0.4178957614  0.0000000000  0.0118453214    0
  6.3789174722  0.5174781207  0.0000000000  0.0136360053    0
  5.8455887276  3.5453112626  0.0000000000  0.1033503973    0
  6.7005690649  0.4204264647  0.0000000000  0.0129150637    0
  6.3795566106  0.5186841648  0.0000000000  0.0140088634    0
  5.8484113620  3.5912043839  0.0000000000  0.1068372144    0
--------- END OF START DATA ------------
 -0.5538740253 -0.4564105592  0.4076221251  0.4302131620  4.6029782683 -0.8426255767
 -0.3135717264  0.7456684467  0.4142135527  0.1202986852  6.6973156579 -0.6805517048
 -0.2840428367 -0.2055491330  0.1698811980  0.0142957795  1.3643037494 -2.2242880908
 -0.5510848279 -0.4576241096  0.4075322571  0.4301094408  4.5949963414 -0.8437619146
 -0.3131566164  0.7444541849  0.4141246096  0.1202763396  6.6946105137 -0.6814183518
 -0.2825137763 -0.2077381331  0.1697222610  0.0141359068  1.3607167381 -2.2454900629
--------- END OF POT PARAMETERS --------
