   < Ir >  77.0       2.835834     2 2 0  T T     609  0.020
     68.0   9.0       0.011000      -0.845858       0.000187
  -21922.026840      -2.809435       0.000000       2.550000
   40349.904067  -75309.091387    -676.377079  -35635.564399503
--------- END OF GENERAL DATA ----------
  6.6982641185  0.4178957637  0.0000000000  0.0118453214    0
  6.3789175993  0.5174781249  0.0000000000  0.0136360052    0
  5.8455887153  3.5453112799  0.0000000000  0.1033503963    0
  6.7005691630  0.4204264662  0.0000000000  0.0129150636    0
  6.3795567391  0.5186841668  0.0000000000  0.0140088633    0
  5.8484113461  3.5912043769  0.0000000000  0.1068372133    0
--------- END OF START DATA ------------
 -0.5538740970 -0.4564108004  0.4076221238  0.4302131580  4.6029779841 -0.8426258190
 -0.3135717039  0.7456681854  0.4142135447  0.1202986821  6.6973153212 -0.6805519473
 -0.2840430977 -0.2055493788  0.1698811978  0.0142957802  1.3643037592 -2.2242882278
 -0.5510848990 -0.4576243504  0.4075322559  0.4301094368  4.5949960587 -0.8437621568
 -0.3131565916  0.7444539237  0.4141246016  0.1202763366  6.6946101741 -0.6814185943
 -0.2825140410 -0.2077383775  0.1697222609  0.0141359078  1.3607167526 -2.2454901682
--------- END OF POT PARAMETERS --------
