   < Ir >  77.0       2.835834     2 2 0  T T     609  0.020
     68.0   9.0       0.011000      -0.845857       0.000187
  -21922.026826      -2.809433       0.000000       2.550000
   40349.904067  -75309.091387    -676.377079  -35635.564399572
--------- END OF GENERAL DATA ----------
  6.6982640734  0.4178957619  0.0000000000  0.0118453214    0
  6.3789175292  0.5174781217  0.0000000000  0.0136360053    0
  5.8455887299  3.5453112782  0.0000000000  0.1033503969    0
  6.7005691216  0.4204264662  0.0000000000  0.0129150637    0
  6.3795566740  0.5186841667  0.0000000000  0.0140088634    0
  5.8484113605  3.5912043746  0.0000000000  0.1068372139    0
--------- END OF START DATA ------------
 -0.5538739982 -0.4564106239  0.4076221246  0.4302131599  4.6029781209 -0.8426256425
 -0.3135716730  0.7456683734  0.4142135493  0.1202986839  6.6973155065 -0.6805517703
 -0.2840428961 -0.2055491950  0.1698811982  0.0142957793  1.3643037490 -2.2242881745
 -0.5510847946 -0.4576241742  0.4075322567  0.4301094386  4.5949961858 -0.8437619805
 -0.3131565503  0.7444541105  0.4141246058  0.1202763382  6.6946103462 -0.6814184177
 -0.2825138394 -0.2077381939  0.1697222614  0.0141359069  1.3607167426 -2.2454901189
--------- END OF POT PARAMETERS --------
