   < ES >   0.0       2.835834     2 2 0  T T     135  0.020
      0.0   0.0       0.164064       0.148445      -0.005189
       0.000000      -0.018745       0.000000       0.000000
      -0.053026       0.043019      -0.039848      -0.049853931
--------- END OF GENERAL DATA ----------
  1.2911273208  0.0305087808  0.0000000000  0.0002718112    0
  2.1890205362  0.0360646142  0.0000000000  0.0003169753    0
  3.1296655525  0.0196130537  0.0000000000  0.0001406060    0
  1.2870009869  0.0278902928  0.0000000000  0.0002506693    0
  2.1870683933  0.0323791094  0.0000000000  0.0002811681    0
  3.1291152360  0.0176083879  0.0000000000  0.0001332878    0
--------- END OF START DATA ------------
 -0.1143856382  0.5802192570  0.3857389689  0.4317344648  3.7908846116  0.2355722355
 -0.1164996671  1.5962127049  0.4098860622  0.1211354243  6.8482693398  0.2092538478
 -0.0934028944  3.0984129423  0.4378676940  0.0660424434 10.8010596927  0.1952023072
 -0.1211525849  0.5849876056  0.3862116062  0.4320420145  3.8140927737  0.2397413119
 -0.1264458542  1.6027362224  0.4104497125  0.1212795510  6.8827046740  0.2136123207
 -0.0993055995  3.1051054830  0.4381912469  0.0660899582 10.8271093647  0.1996919356
--------- END OF POT PARAMETERS --------
