   < Ir >  77.0       2.835834     2 2 0  T T     609  0.020
     68.0   9.0       0.011000      -0.845857       0.000187
  -21922.026819      -2.809433       0.000000       2.550000
   40349.904067  -75309.091387    -676.377079  -35635.564399776
--------- END OF GENERAL DATA ----------
  6.6982640203  0.4178957616  0.0000000000  0.0118453214    0
  6.3789174688  0.5174781211  0.0000000000  0.0136360053    0
  5.8455887271  3.5453112575  0.0000000000  0.1033503973    0
  6.7005690682  0.4204264644  0.0000000000  0.0129150637    0
  6.3795566085  0.5186841643  0.0000000000  0.0140088634    0
  5.8484113638  3.5912043886  0.0000000000  0.1068372144    0
--------- END OF START DATA ------------
 -0.5538739743 -0.4564105089  0.4076221251  0.4302131620  4.6029782682 -0.8426255265
 -0.3135716832  0.7456684976  0.4142135530  0.1202986853  6.6973156672 -0.6805516546
 -0.2840427864 -0.2055490819  0.1698811981  0.0142957795  1.3643037505 -2.2242880379
 -0.5510847717 -0.4576240591  0.4075322571  0.4301094407  4.5949963320 -0.8437618641
 -0.3131565702  0.7444542358  0.4141246097  0.1202763397  6.6946105189 -0.6814183011
 -0.2825137235 -0.2077380825  0.1697222609  0.0141359067  1.3607167362 -2.2454900265
--------- END OF POT PARAMETERS --------
