   < Ir >  77.0       2.835834     2 2 0  T T     609  0.020
     68.0   9.0       0.011000      -0.845857       0.000187
  -21922.026821      -2.809433       0.000000       2.550000
   40349.904067  -75309.091387    -676.377079  -35635.564399791
--------- END OF GENERAL DATA ----------
  6.6982640219  0.4178957618  0.0000000000  0.0118453214    0
  6.3789174716  0.5174781205  0.0000000000  0.0136360053    0
  5.8455887255  3.5453112651  0.0000000000  0.1033503973    0
  6.7005690685  0.4204264643  0.0000000000  0.0129150637    0
  6.3795566110  0.5186841650  0.0000000000  0.0140088634    0
  5.8484113610  3.5912043806  0.0000000000  0.1068372143    0
--------- END OF START DATA ------------
 -0.5538739932 -0.4564105306  0.4076221250  0.4302131620  4.6029782613 -0.8426255480
 -0.3135716989  0.7456684754  0.4142135527  0.1202986852  6.6973156595 -0.6805516761
 -0.2840428116 -0.2055491053  0.1698811979  0.0142957796  1.3643037510 -2.2242880447
 -0.5510847926 -0.4576240805  0.4075322570  0.4301094407  4.5949963296 -0.8437618855
 -0.3131565865  0.7444542138  0.4141246095  0.1202763396  6.6946105125 -0.6814183226
 -0.2825137497 -0.2077381052  0.1697222609  0.0141359069  1.3607167383 -2.2454900240
--------- END OF POT PARAMETERS --------
