   < Ir >  77.0       2.835834     2 2 0  T T     609  0.020
     68.0   9.0       0.011000      -0.845857       0.000187
  -21922.026832      -2.809434       0.000000       2.550000
   40349.904067  -75309.091387    -676.377079  -35635.564399555
--------- END OF GENERAL DATA ----------
  6.6982640821  0.4178957627  0.0000000000  0.0118453214    0
  6.3789175495  0.5174781229  0.0000000000  0.0136360053    0
  5.8455887253  3.5453112719  0.0000000000  0.1033503968    0
  6.7005691273  0.4204264657  0.0000000000  0.0129150637    0
  6.3795566903  0.5186841663  0.0000000000  0.0140088634    0
  5.8484113578  3.5912043823  0.0000000000  0.1068372137    0
--------- END OF START DATA ------------
 -0.5538740648 -0.4564107056  0.4076221245  0.4302131596  4.6029780943 -0.8426257242
 -0.3135717126  0.7456682884  0.4142135480  0.1202986834  6.6973154531 -0.6805518523
 -0.2840429850 -0.2055492783  0.1698811981  0.0142957796  1.3643037528 -2.2242882186
 -0.5510848663 -0.4576242559  0.4075322565  0.4301094383  4.5949961667 -0.8437620621
 -0.3131565981  0.7444540262  0.4141246048  0.1202763378  6.6946103029 -0.6814184994
 -0.2825139266 -0.2077382777  0.1697222612  0.0141359071  1.3607167439 -2.2454901755
--------- END OF POT PARAMETERS --------
