   < Ir >  77.0       2.835834     2 2 0  T T     609  0.020
     68.0   9.0       0.011000      -0.845857       0.000187
  -21922.026832      -2.809434       0.000000       2.550000
   40349.904067  -75309.091387    -676.377079  -35635.564399558
--------- END OF GENERAL DATA ----------
  6.6982640875  0.4178957625  0.0000000000  0.0118453214    0
  6.3789175593  0.5174781225  0.0000000000  0.0136360053    0
  5.8455887231  3.5453112789  0.0000000000  0.1033503967    0
  6.7005691369  0.4204264662  0.0000000000  0.0129150637    0
  6.3795567043  0.5186841674  0.0000000000  0.0140088634    0
  5.8484113514  3.5912043744  0.0000000000  0.1068372136    0
--------- END OF START DATA ------------
 -0.5538740479 -0.4564106981  0.4076221242  0.4302131593  4.6029780746 -0.8426257164
 -0.3135716845  0.7456682942  0.4142135473  0.1202986831  6.6973154268 -0.6805518445
 -0.2840429833 -0.2055492740  0.1698811978  0.0142957797  1.3643037526 -2.2242881893
 -0.5510848425 -0.4576242487  0.4075322563  0.4301094379  4.5949961367 -0.8437620549
 -0.3131565620  0.7444540310  0.4141246038  0.1202763374  6.6946102662 -0.6814184923
 -0.2825139296 -0.2077382727  0.1697222611  0.0141359075  1.3607167492 -2.2454901141
--------- END OF POT PARAMETERS --------
