   < Ir >  77.0       2.835834     2 2 0  T T     609  0.020
     68.0   9.0       0.011000      -0.845857       0.000187
  -21922.026828      -2.809434       0.000000       2.550000
   40349.904067  -75309.091387    -676.377079  -35635.564399587
--------- END OF GENERAL DATA ----------
  6.6982640704  0.4178957620  0.0000000000  0.0118453214    0
  6.3789175294  0.5174781212  0.0000000000  0.0136360053    0
  5.8455887290  3.5453112744  0.0000000000  0.1033503970    0
  6.7005691177  0.4204264661  0.0000000000  0.0129150637    0
  6.3795566726  0.5186841671  0.0000000000  0.0140088634    0
  5.8484113590  3.5912043778  0.0000000000  0.1068372139    0
--------- END OF START DATA ------------
 -0.5538740242 -0.4564106449  0.4076221246  0.4302131600  4.6029781279 -0.8426256633
 -0.3135716935  0.7456683523  0.4142135493  0.1202986839  6.6973155060 -0.6805517912
 -0.2840429191 -0.2055492171  0.1698811981  0.0142957794  1.3643037492 -2.2242881872
 -0.5510848227 -0.4576241956  0.4075322567  0.4301094387  4.5949961956 -0.8437620017
 -0.3131565745  0.7444540894  0.4141246059  0.1202763382  6.6946103499 -0.6814184389
 -0.2825138635 -0.2077382162  0.1697222613  0.0141359070  1.3607167435 -2.2454901271
--------- END OF POT PARAMETERS --------
