   < Ir >  77.0       2.835834     2 2 0  T T     609  0.020
     68.0   9.0       0.011000      -0.845858       0.000187
  -21922.026836      -2.809435       0.000000       2.550000
   40349.904067  -75309.091387    -676.377079  -35635.564399542
--------- END OF GENERAL DATA ----------
  6.6982641012  0.4178957630  0.0000000000  0.0118453214    0
  6.3789175786  0.5174781230  0.0000000000  0.0136360052    0
  5.8455887175  3.5453112794  0.0000000000  0.1033503964    0
  6.7005691475  0.4204264662  0.0000000000  0.0129150637    0
  6.3795567192  0.5186841677  0.0000000000  0.0140088633    0
  5.8484113493  3.5912043746  0.0000000000  0.1068372133    0
--------- END OF START DATA ------------
 -0.5538740764 -0.4564107501  0.4076221240  0.4302131587  4.6029780339 -0.8426257685
 -0.3135716965  0.7456682391  0.4142135460  0.1202986826  6.6973153759 -0.6805518967
 -0.2840430438 -0.2055493276  0.1698811978  0.0142957801  1.3643037575 -2.2242881959
 -0.5510848755 -0.4576243001  0.4075322561  0.4301094374  4.5949961035 -0.8437621063
 -0.3131565824  0.7444539772  0.4141246028  0.1202763370  6.6946102266 -0.6814185437
 -0.2825139859 -0.2077383265  0.1697222609  0.0141359076  1.3607167497 -2.2454901449
--------- END OF POT PARAMETERS --------
