   -0.463535366   0.387532275   0.094709193  -0.517726151
    0.301050275   0.241609492   0.619735718  -0.672406836
   -0.210038078   0.168124246   0.075589532  -0.122680501
    0.251650477   0.037320346   0.007293156   0.331217849
    0.305662778   0.233437703   0.426812658  -0.926801433
    0.391411450   0.122921229   0.517854766  -1.352735753
    0.143752339   0.033236959   0.243055825  -3.802211530
   -0.000001430  -0.000001440   0.006354276   0.000234899
   -0.167438110   0.387904449   0.096672442  -0.515023566
    0.437435085   0.237946405   0.603355307  -0.678001210
   -0.143153889   0.136310151   0.023193897   0.190619877
    0.049836854   0.014296125   0.008071003   0.094682200
   -0.223768312   0.369143990   0.140745591  -0.537408928
    0.354599110   0.244009952   0.568950822  -0.647753634
    0.037079290   0.124879418   0.143638604   0.457864080
    0.009560998   0.003334363   0.007767154   0.102561260
   -0.427656199   0.392151168   0.071650490  -0.508295220
    0.350386058   0.244406347   0.615879076  -0.663616964
   -0.180165888   0.167651331   0.076796075  -0.127368311
    0.252167563   0.037341264   0.007292706   0.340109388
   -0.461913755   0.388813085   0.089167606  -0.515130584
    0.305868244   0.242387834   0.619021118  -0.669925906
   -0.208399223   0.168214630   0.074111592  -0.119857916
    0.251801717   0.037379562   0.007298250   0.331370679
   -0.462739127   0.387476670   0.094842575  -0.517821660
    0.301719651   0.241585084   0.619734645  -0.672465610
   -0.209750108   0.168058912   0.075683832  -0.122910753
    0.251556685   0.037334449   0.007293525   0.330878850
   -0.464773278   0.387768224   0.093845914  -0.517256147
    0.300655988   0.241832398   0.619583289  -0.671690884
   -0.210838182   0.168169319   0.075767742  -0.122624374
    0.251673210   0.037307416   0.007292001   0.330993791
   -0.461252886   0.387174015   0.095757413  -0.518405513
    0.301770811   0.241230706   0.619939160  -0.673586495
   -0.209499775   0.167908290   0.075993105  -0.124031080
    0.251412546   0.037348959   0.007293846   0.332991438
    0.305660174   0.233437924   0.426812417  -0.926800343
    0.391409703   0.122921423   0.517855225  -1.352733554
    0.143751771   0.033237150   0.243057105  -3.802189670
   -0.000001430  -0.000001440   0.006354276   0.000234898
    0.305659860   0.233437934   0.426812407  -0.926800293
    0.391409426   0.122921432   0.517855246  -1.352733454
    0.143751635   0.033237165   0.243057204  -3.802187983
   -0.000001430  -0.000001440   0.006354276   0.000234899
    0.305659961   0.233437931   0.426812409  -0.926800305
    0.391409518   0.122921430   0.517855240  -1.352733482
    0.143751675   0.033237160   0.243057172  -3.802188541
   -0.000001430  -0.000001440   0.006354276   0.000234898
    0.305659915   0.233437935   0.426812405  -0.926800287
    0.391409480   0.122921432   0.517855247  -1.352733452
    0.143751657   0.033237163   0.243057191  -3.802188211
   -0.000001430  -0.000001440   0.006354276   0.000234899
    0.305659914   0.233437929   0.426812411  -0.926800313
    0.391409473   0.122921429   0.517855240  -1.352733486
    0.143751652   0.033237161   0.243057178  -3.802188427
   -0.000001430  -0.000001440   0.006354276   0.000234899
    0.305660098   0.233437925   0.426812415  -0.926800336
    0.391409638   0.122921425   0.517855229  -1.352733535
    0.143751735   0.033237153   0.243057125  -3.802189335
   -0.000001430  -0.000001440   0.006354276   0.000234897
    0.305660133   0.233437926   0.426812414  -0.926800330
    0.391409670   0.122921425   0.517855229  -1.352733533
    0.143751747   0.033237152   0.243057118  -3.802189449
   -0.000001430  -0.000001440   0.006354276   0.000234898
    0.305659992   0.233437931   0.426812409  -0.926800303
    0.391409547   0.122921430   0.517855240  -1.352733483
    0.143751679   0.033237158   0.243057159  -3.802188758
   -0.000001430  -0.000001440   0.006354276   0.000234898
    0.305659823   0.233437932   0.426812408  -0.926800301
    0.391409390   0.122921431   0.517855244  -1.352733465
    0.143751605   0.033237165   0.243057204  -3.802187986
   -0.000001430  -0.000001440   0.006354276   0.000234898
    0.305660075   0.233437924   0.426812416  -0.926800340
    0.391409618   0.122921425   0.517855229  -1.352733535
    0.143751717   0.033237153   0.243057126  -3.802189323
   -0.000001430  -0.000001440   0.006354276   0.000234898
    0.305660133   0.233437926   0.426812414  -0.926800330
    0.391409669   0.122921425   0.517855229  -1.352733535
    0.143751729   0.033237150   0.243057108  -3.802189632
   -0.000001430  -0.000001440   0.006354276   0.000234898
    0.305659931   0.233437934   0.426812406  -0.926800293
    0.391409493   0.122921432   0.517855244  -1.352733463
    0.143751650   0.033237161   0.243057177  -3.802188453
   -0.000001430  -0.000001440   0.006354276   0.000234899
    0.305659908   0.233437930   0.426812410  -0.926800309
    0.391409468   0.122921430   0.517855241  -1.352733480
    0.143751637   0.033237161   0.243057177  -3.802188449
   -0.000001430  -0.000001440   0.006354276   0.000234899
    0.305660085   0.233437924   0.426812416  -0.926800340
    0.391409627   0.122921425   0.517855229  -1.352733536
    0.143751713   0.033237152   0.243057121  -3.802189405
   -0.000001430  -0.000001440   0.006354276   0.000234898
    0.305660110   0.233437925   0.426812415  -0.926800333
    0.391409649   0.122921425   0.517855229  -1.352733535
    0.143751715   0.033237151   0.243057110  -3.802189587
   -0.000001430  -0.000001440   0.006354276   0.000234898
    0.305659983   0.233437931   0.426812409  -0.926800303
    0.391409536   0.122921430   0.517855240  -1.352733484
    0.143751660   0.033237158   0.243057155  -3.802188817
   -0.000001430  -0.000001440   0.006354276   0.000234898
    0.305659841   0.233437934   0.426812406  -0.926800292
    0.391409412   0.122921433   0.517855247  -1.352733449
    0.143751599   0.033237164   0.243057195  -3.802188141
   -0.000001430  -0.000001440   0.006354276   0.000234898
    0.305659941   0.233437931   0.426812409  -0.926800306
    0.391409499   0.122921430   0.517855240  -1.352733482
    0.143751646   0.033237159   0.243057168  -3.802188598
   -0.000001430  -0.000001440   0.006354276   0.000234898
    0.305659900   0.233437934   0.426812407  -0.926800293
    0.391409460   0.122921431   0.517855243  -1.352733466
    0.143751624   0.033237161   0.243057179  -3.802188420
   -0.000001430  -0.000001440   0.006354276   0.000234898
   -0.167438031   0.387904466   0.096672366  -0.515023529
    0.437435027   0.237946380   0.603355337  -0.678001292
   -0.143153825   0.136310149   0.023193867   0.190619977
    0.049836852   0.014296125   0.008071004   0.094682486
   -0.167437997   0.387904468   0.096672360  -0.515023527
    0.437435059   0.237946380   0.603355337  -0.678001292
   -0.143153788   0.136310150   0.023193864   0.190619987
    0.049836852   0.014296125   0.008071004   0.094682569
   -0.167438394   0.387904469   0.096672350  -0.515023523
    0.437434685   0.237946385   0.603355331  -0.678001276
   -0.143154213   0.136310148   0.023193882   0.190619923
    0.049836852   0.014296125   0.008071004   0.094682147
   -0.167438270   0.387904467   0.096672360  -0.515023528
    0.437434800   0.237946383   0.603355334  -0.678001283
   -0.143154080   0.136310148   0.023193875   0.190619948
    0.049836852   0.014296125   0.008071004   0.094682284
   -0.167438238   0.387904467   0.096672359  -0.515023527
    0.437434829   0.237946382   0.603355334  -0.678001285
   -0.143154043   0.136310149   0.023193875   0.190619947
    0.049836852   0.014296125   0.008071004   0.094682325
   -0.167438394   0.387904468   0.096672352  -0.515023524
    0.437434680   0.237946384   0.603355332  -0.678001280
   -0.143154211   0.136310148   0.023193882   0.190619922
    0.049836852   0.014296125   0.008071004   0.094682136
   -0.167438168   0.387904465   0.096672370  -0.515023532
    0.437434894   0.237946381   0.603355335  -0.678001290
   -0.143153974   0.136310148   0.023193871   0.190619958
    0.049836852   0.014296125   0.008071004   0.094682337
   -0.167438072   0.387904467   0.096672362  -0.515023528
    0.437434987   0.237946380   0.603355336  -0.678001292
   -0.143153869   0.136310149   0.023193867   0.190619973
    0.049836852   0.014296125   0.008071004   0.094682459
   -0.167438090   0.387904466   0.096672366  -0.515023529
    0.437434966   0.237946380   0.603355337  -0.678001293
   -0.143153885   0.136310149   0.023193866   0.190619977
    0.049836852   0.014296125   0.008071004   0.094682477
   -0.167438446   0.387904469   0.096672351  -0.515023524
    0.437434635   0.237946385   0.603355330  -0.678001276
   -0.143154268   0.136310147   0.023193884   0.190619918
    0.049836852   0.014296125   0.008071004   0.094682103
   -0.167438200   0.387904464   0.096672372  -0.515023533
    0.437434864   0.237946381   0.603355335  -0.678001287
   -0.143154008   0.136310148   0.023193874   0.190619953
    0.049836852   0.014296125   0.008071004   0.094682319
   -0.167438090   0.387904466   0.096672365  -0.515023529
    0.437434963   0.237946379   0.603355337  -0.678001295
   -0.143153883   0.136310150   0.023193868   0.190619971
    0.049836852   0.014296125   0.008071004   0.094682491
   -0.167438354   0.387904467   0.096672359  -0.515023527
    0.437434722   0.237946384   0.603355332  -0.678001279
   -0.143154170   0.136310148   0.023193880   0.190619928
    0.049836852   0.014296125   0.008071004   0.094682194
   -0.167438135   0.387904466   0.096672367  -0.515023530
    0.437434925   0.237946381   0.603355336  -0.678001290
   -0.143153936   0.136310149   0.023193870   0.190619962
    0.049836852   0.014296125   0.008071004   0.094682400
   -0.167438029   0.387904467   0.096672362  -0.515023528
    0.437435026   0.237946380   0.603355338  -0.678001293
   -0.143153822   0.136310150   0.023193864   0.190619982
    0.049836852   0.014296125   0.008071004   0.094682512
   -0.167438058   0.387904468   0.096672359  -0.515023527
    0.437434995   0.237946379   0.603355337  -0.678001295
   -0.143153850   0.136310150   0.023193865   0.190619982
    0.049836852   0.014296125   0.008071004   0.094682515
   -0.167438352   0.387904467   0.096672357  -0.515023527
    0.437434723   0.237946384   0.603355332  -0.678001279
   -0.143154166   0.136310148   0.023193878   0.190619938
    0.049836852   0.014296125   0.008071004   0.094682229
   -0.167438198   0.387904466   0.096672365  -0.515023529
    0.437434866   0.237946381   0.603355335  -0.678001288
   -0.143154001   0.136310149   0.023193874   0.190619952
    0.049836852   0.014296125   0.008071004   0.094682341
   -0.167438154   0.387904467   0.096672362  -0.515023528
    0.437434904   0.237946380   0.603355336  -0.678001292
   -0.143153953   0.136310149   0.023193871   0.190619962
    0.049836852   0.014296125   0.008071004   0.094682421
   -0.223767883   0.369143968   0.140745663  -0.537408974
    0.354599300   0.244009896   0.568950905  -0.647753814
    0.037079541   0.124879416   0.143638999   0.457862127
    0.009560997   0.003334361   0.007767150   0.102562949
   -0.223768124   0.369143969   0.140745653  -0.537408971
    0.354599098   0.244009904   0.568950889  -0.647753788
    0.037079253   0.124879410   0.143638956   0.457862325
    0.009560997   0.003334361   0.007767151   0.102563033
   -0.223767975   0.369143967   0.140745665  -0.537408976
    0.354599207   0.244009895   0.568950905  -0.647753816
    0.037079443   0.124879415   0.143638996   0.457862140
    0.009560997   0.003334361   0.007767150   0.102562987
   -0.223767928   0.369143966   0.140745670  -0.537408978
    0.354599247   0.244009894   0.568950908  -0.647753821
    0.037079495   0.124879416   0.143639010   0.457862076
    0.009560997   0.003334361   0.007767150   0.102562947
   -0.223768152   0.369143970   0.140745648  -0.537408968
    0.354599072   0.244009905   0.568950888  -0.647753785
    0.037079223   0.124879410   0.143638953   0.457862341
    0.009560997   0.003334361   0.007767151   0.102563054
   -0.223767952   0.369143968   0.140745659  -0.537408973
    0.354599234   0.244009896   0.568950903  -0.647753812
    0.037079465   0.124879415   0.143638990   0.457862169
    0.009560997   0.003334361   0.007767150   0.102563000
   -0.223767851   0.369143969   0.140745658  -0.537408971
    0.354599330   0.244009896   0.568950906  -0.647753815
    0.037079584   0.124879417   0.143639007   0.457862089
    0.009560997   0.003334361   0.007767150   0.102562931
   -0.223767867   0.369143967   0.140745665  -0.537408975
    0.354599308   0.244009894   0.568950908  -0.647753820
    0.037079568   0.124879418   0.143639024   0.457862008
    0.009560997   0.003334361   0.007767150   0.102562926
   -0.223768248   0.369143975   0.140745625  -0.537408957
    0.354599014   0.244009913   0.568950872  -0.647753758
    0.037079103   0.124879407   0.143638934   0.457862424
    0.009560997   0.003334361   0.007767151   0.102563092
   -0.223768045   0.369143968   0.140745660  -0.537408974
    0.354599145   0.244009897   0.568950902  -0.647753810
    0.037079356   0.124879413   0.143638983   0.457862204
    0.009560997   0.003334361   0.007767150   0.102562971
   -0.223767843   0.369143969   0.140745659  -0.537408972
    0.354599335   0.244009895   0.568950907  -0.647753817
    0.037079593   0.124879418   0.143639015   0.457862051
    0.009560997   0.003334361   0.007767150   0.102562909
   -0.223767923   0.369143965   0.140745675  -0.537408981
    0.354599246   0.244009892   0.568950911  -0.647753827
    0.037079512   0.124879418   0.143639035   0.457861950
    0.009560997   0.003334361   0.007767150   0.102562907
   -0.223768217   0.369143976   0.140745618  -0.537408953
    0.354599047   0.244009914   0.568950871  -0.647753755
    0.037079133   0.124879407   0.143638938   0.457862409
    0.009560997   0.003334361   0.007767151   0.102563081
   -0.223768045   0.369143968   0.140745660  -0.537408974
    0.354599141   0.244009896   0.568950903  -0.647753813
    0.037079365   0.124879414   0.143638994   0.457862152
    0.009560997   0.003334361   0.007767150   0.102562956
   -0.223767953   0.369143968   0.140745659  -0.537408973
    0.354599229   0.244009896   0.568950905  -0.647753814
    0.037079472   0.124879416   0.143639006   0.457862089
    0.009560997   0.003334361   0.007767150   0.102562972
   -0.223767960   0.369143967   0.140745667  -0.537408977
    0.354599212   0.244009893   0.568950910  -0.647753822
    0.037079469   0.124879417   0.143639028   0.457861983
    0.009560997   0.003334361   0.007767150   0.102562925
   -0.223768240   0.369143975   0.140745624  -0.537408956
    0.354599017   0.244009912   0.568950873  -0.647753761
    0.037079119   0.124879408   0.143638952   0.457862343
    0.009560997   0.003334361   0.007767151   0.102563059
   -0.223768145   0.369143971   0.140745645  -0.537408966
    0.354599072   0.244009903   0.568950890  -0.647753790
    0.037079242   0.124879412   0.143638984   0.457862190
    0.009560997   0.003334361   0.007767150   0.102562981
   -0.223768099   0.369143969   0.140745653  -0.537408971
    0.354599111   0.244009902   0.568950893  -0.647753796
    0.037079295   0.124879413   0.143638997   0.457862127
    0.009560997   0.003334361   0.007767150   0.102562942
   -0.427658241   0.392151149   0.071650616  -0.508295264
    0.350383929   0.244406330   0.615879104  -0.663617021
   -0.180167762   0.167651350   0.076795982  -0.127368110
    0.252167575   0.037341264   0.007292706   0.340108331
   -0.427658558   0.392151170   0.071650518  -0.508295221
    0.350383766   0.244406362   0.615879068  -0.663616921
   -0.180168086   0.167651350   0.076795982  -0.127368110
    0.252167582   0.037341264   0.007292706   0.340107637
   -0.427658419   0.392151162   0.071650555  -0.508295237
    0.350383819   0.244406345   0.615879088  -0.663616976
   -0.180167941   0.167651350   0.076795975  -0.127368099
    0.252167578   0.037341265   0.007292706   0.340108001
   -0.427658461   0.392151166   0.071650534  -0.508295228
    0.350383810   0.244406351   0.615879080  -0.663616956
   -0.180167989   0.167651350   0.076795976  -0.127368103
    0.252167579   0.037341265   0.007292706   0.340107857
   -0.427658527   0.392151165   0.071650544  -0.508295232
    0.350383765   0.244406355   0.615879076  -0.663616942
   -0.180168048   0.167651350   0.076795979  -0.127368106
    0.252167581   0.037341264   0.007292706   0.340107795
   -0.427658307   0.392151151   0.071650606  -0.508295259
    0.350383870   0.244406332   0.615879103  -0.663617016
   -0.180167825   0.167651350   0.076795979  -0.127368106
    0.252167576   0.037341264   0.007292706   0.340108341
   -0.427658267   0.392151152   0.071650604  -0.508295258
    0.350383903   0.244406330   0.615879104  -0.663617020
   -0.180167787   0.167651350   0.076795974  -0.127368099
    0.252167575   0.037341265   0.007292706   0.340108453
   -0.427658373   0.392151162   0.071650555  -0.508295237
    0.350383861   0.244406344   0.615879089  -0.663616979
   -0.180167899   0.167651350   0.076795975  -0.127368100
    0.252167578   0.037341265   0.007292706   0.340108097
   -0.427658637   0.392151174   0.071650498  -0.508295213
    0.350383741   0.244406373   0.615879055  -0.663616886
   -0.180168168   0.167651350   0.076795992  -0.127368128
    0.252167584   0.037341264   0.007292706   0.340107417
   -0.427658347   0.392151150   0.071650614  -0.508295262
    0.350383829   0.244406331   0.615879103  -0.663617017
   -0.180167864   0.167651350   0.076795979  -0.127368103
    0.252167576   0.037341264   0.007292706   0.340108283
   -0.427658258   0.392151152   0.071650602  -0.508295257
    0.350383913   0.244406331   0.615879103  -0.663617020
   -0.180167779   0.167651350   0.076795975  -0.127368100
    0.252167575   0.037341265   0.007292706   0.340108458
   -0.427658453   0.392151166   0.071650535  -0.508295229
    0.350383815   0.244406351   0.615879080  -0.663616957
   -0.180167984   0.167651349   0.076795979  -0.127368107
    0.252167579   0.037341265   0.007292706   0.340107873
   -0.427658559   0.392151171   0.071650514  -0.508295220
    0.350383787   0.244406367   0.615879063  -0.663616907
   -0.180168087   0.167651350   0.076795991  -0.127368128
    0.252167583   0.037341264   0.007292706   0.340107640
   -0.427658358   0.392151150   0.071650611  -0.508295261
    0.350383819   0.244406332   0.615879103  -0.663617016
   -0.180167877   0.167651350   0.076795981  -0.127368110
    0.252167575   0.037341264   0.007292706   0.340108247
   -0.427658310   0.392151151   0.071650605  -0.508295259
    0.350383866   0.244406331   0.615879103  -0.663617017
   -0.180167832   0.167651350   0.076795980  -0.127368107
    0.252167575   0.037341265   0.007292706   0.340108363
   -0.427658421   0.392151162   0.071650555  -0.508295237
    0.350383816   0.244406344   0.615879088  -0.663616977
   -0.180167946   0.167651350   0.076795974  -0.127368100
    0.252167578   0.037341265   0.007292706   0.340108016
   -0.427658630   0.392151174   0.071650496  -0.508295212
    0.350383748   0.244406373   0.615879055  -0.663616886
   -0.180168163   0.167651349   0.076795993  -0.127368132
    0.252167584   0.037341264   0.007292706   0.340107426
   -0.427658520   0.392151165   0.071650539  -0.508295230
    0.350383770   0.244406355   0.615879076  -0.663616942
   -0.180168046   0.167651350   0.076795980  -0.127368107
    0.252167580   0.037341265   0.007292706   0.340107806
   -0.427658542   0.392151170   0.071650516  -0.508295221
    0.350383780   0.244406362   0.615879068  -0.663616922
   -0.180168074   0.167651349   0.076795983  -0.127368114
    0.252167581   0.037341264   0.007292706   0.340107668
   -0.461916969   0.388813050   0.089167802  -0.515130660
    0.305864660   0.242387760   0.619021206  -0.669926141
   -0.208402284   0.168214648   0.074111437  -0.119857616
    0.251801714   0.037379566   0.007298251   0.331366742
   -0.461917231   0.388813084   0.089167649  -0.515130591
    0.305864580   0.242387799   0.619021165  -0.669926019
   -0.208402552   0.168214649   0.074111439  -0.119857618
    0.251801723   0.037379566   0.007298251   0.331366285
   -0.461917190   0.388813077   0.089167681  -0.515130606
    0.305864574   0.242387789   0.619021176  -0.669926050
   -0.208402502   0.168214650   0.074111427  -0.119857597
    0.251801721   0.037379566   0.007298251   0.331366452
   -0.461917269   0.388813089   0.089167626  -0.515130581
    0.305864571   0.242387805   0.619021159  -0.669925999
   -0.208402594   0.168214648   0.074111442  -0.119857626
    0.251801724   0.037379566   0.007298251   0.331366211
   -0.461917130   0.388813073   0.089167698  -0.515130612
    0.305864605   0.242387783   0.619021182  -0.669926068
   -0.208402439   0.168214650   0.074111425  -0.119857593
    0.251801720   0.037379566   0.007298251   0.331366542
   -0.461917025   0.388813056   0.089167776  -0.515130648
    0.305864611   0.242387762   0.619021204  -0.669926136
   -0.208402332   0.168214649   0.074111425  -0.119857594
    0.251801715   0.037379566   0.007298251   0.331366935
   -0.461917045   0.388813055   0.089167780  -0.515130650
    0.305864591   0.242387762   0.619021205  -0.669926136
   -0.208402350   0.168214649   0.074111423  -0.119857594
    0.251801715   0.037379566   0.007298251   0.331366944
   -0.461917209   0.388813083   0.089167654  -0.515130593
    0.305864582   0.242387795   0.619021169  -0.669926032
   -0.208402527   0.168214649   0.074111434  -0.119857611
    0.251801722   0.037379566   0.007298251   0.331366367
   -0.461917172   0.388813080   0.089167667  -0.515130599
    0.305864613   0.242387793   0.619021171  -0.669926037
   -0.208402489   0.168214649   0.074111437  -0.119857615
    0.251801722   0.037379566   0.007298251   0.331366365
   -0.461916995   0.388813055   0.089167778  -0.515130648
    0.305864637   0.242387761   0.619021205  -0.669926139
   -0.208402300   0.168214649   0.074111421  -0.119857590
    0.251801715   0.037379567   0.007298251   0.331366992
   -0.461917046   0.388813055   0.089167782  -0.515130650
    0.305864589   0.242387762   0.619021205  -0.669926137
   -0.208402351   0.168214649   0.074111425  -0.119857594
    0.251801715   0.037379566   0.007298251   0.331366950
   -0.461917271   0.388813088   0.089167628  -0.515130582
    0.305864567   0.242387804   0.619021159  -0.669926002
   -0.208402596   0.168214648   0.074111445  -0.119857629
    0.251801724   0.037379566   0.007298251   0.331366203
   -0.461917102   0.388813074   0.089167693  -0.515130611
    0.305864632   0.242387783   0.619021182  -0.669926071
   -0.208402412   0.168214650   0.074111427  -0.119857597
    0.251801720   0.037379566   0.007298251   0.331366591
   -0.461916995   0.388813056   0.089167777  -0.515130648
    0.305864635   0.242387761   0.619021205  -0.669926140
   -0.208402301   0.168214649   0.074111423  -0.119857590
    0.251801715   0.037379566   0.007298251   0.331367008
   -0.461917016   0.388813056   0.089167776  -0.515130648
    0.305864618   0.242387762   0.619021205  -0.669926137
   -0.208402324   0.168214649   0.074111426  -0.119857597
    0.251801715   0.037379566   0.007298251   0.331366960
   -0.461917182   0.388813076   0.089167684  -0.515130607
    0.305864578   0.242387788   0.619021176  -0.669926053
   -0.208402496   0.168214649   0.074111430  -0.119857604
    0.251801721   0.037379566   0.007298251   0.331366453
   -0.461917174   0.388813079   0.089167669  -0.515130600
    0.305864609   0.242387793   0.619021171  -0.669926038
   -0.208402491   0.168214649   0.074111438  -0.119857618
    0.251801722   0.037379566   0.007298251   0.331366379
   -0.461917124   0.388813073   0.089167699  -0.515130613
    0.305864608   0.242387782   0.619021183  -0.669926072
   -0.208402435   0.168214649   0.074111429  -0.119857600
    0.251801720   0.037379566   0.007298251   0.331366560
   -0.461917223   0.388813083   0.089167652  -0.515130592
    0.305864584   0.242387798   0.619021166  -0.669926022
   -0.208402545   0.168214648   0.074111441  -0.119857622
    0.251801722   0.037379566   0.007298251   0.331366328
