   -0.463535    0.387532    0.000000
    0.301050    0.241609    0.000000
   -0.210038    0.168124    0.000000
   -0.463535    0.387532    0.000000
    0.301050    0.241609    0.000000
   -0.210038    0.168124    0.000000
    0.310281    0.235830    0.000000
    0.407099    0.125307    0.000000
    0.158476    0.034554    0.000000
    0.305663    0.233438    0.000000
    0.391411    0.122921    0.000000
    0.143752    0.033237    0.000000
   -0.170789    0.386552    0.000000
    0.423593    0.235422    0.000000
   -0.160493    0.134633    0.000000
   -0.167438    0.387904    0.000000
    0.437435    0.237946    0.000000
   -0.143154    0.136310    0.000000
   -0.265393    0.366357    0.000000
    0.315757    0.242185    0.000000
   -0.164694    0.100541    0.000000
   -0.223768    0.369144    0.000000
    0.354599    0.244010    0.000000
    0.037079    0.124879    0.000000
   -0.425367    0.390548    0.000000
    0.342303    0.242178    0.000000
   -0.179358    0.167547    0.000000
   -0.427656    0.392151    0.000000
    0.350386    0.244406    0.000000
   -0.180166    0.167651    0.000000
   -0.461080    0.388081    0.000000
    0.305773    0.242192    0.000000
   -0.206311    0.168226    0.000000
   -0.461914    0.388813    0.000000
    0.305868    0.242388    0.000000
   -0.208399    0.168215    0.000000
   -0.462678    0.387622    0.000000
    0.302177    0.241680    0.000000
   -0.209655    0.168062    0.000000
   -0.462739    0.387477    0.000000
    0.301720    0.241585    0.000000
   -0.209750    0.168059    0.000000
   -0.464845    0.387763    0.000000
    0.300500    0.241811    0.000000
   -0.210996    0.168167    0.000000
   -0.464773    0.387768    0.000000
    0.300656    0.241832    0.000000
   -0.210838    0.168169    0.000000
   -0.461252    0.387163    0.000000
    0.301737    0.241223    0.000000
   -0.209497    0.167908    0.000000
   -0.461253    0.387174    0.000000
    0.301771    0.241231    0.000000
   -0.209500    0.167908    0.000000
   -0.463535    0.387532    0.000000
    0.301050    0.241609    0.000000
   -0.210038    0.168124    0.000000
   -0.463535    0.387532    0.000000
    0.301050    0.241609    0.000000
   -0.210038    0.168124    0.000000
    0.310281    0.235830    0.000000
    0.407099    0.125307    0.000000
    0.158476    0.034554    0.000000
    0.305663    0.233438    0.000000
    0.391411    0.122921    0.000000
    0.143752    0.033237    0.000000
   -0.170789    0.386552    0.000000
    0.423593    0.235422    0.000000
   -0.160493    0.134633    0.000000
   -0.167438    0.387904    0.000000
    0.437435    0.237946    0.000000
   -0.143154    0.136310    0.000000
   -0.265393    0.366357    0.000000
    0.315757    0.242185    0.000000
   -0.164694    0.100541    0.000000
   -0.223768    0.369144    0.000000
    0.354599    0.244010    0.000000
    0.037079    0.124879    0.000000
   -0.425367    0.390548    0.000000
    0.342303    0.242178    0.000000
   -0.179358    0.167547    0.000000
   -0.427656    0.392151    0.000000
    0.350386    0.244406    0.000000
   -0.180166    0.167651    0.000000
   -0.461080    0.388081    0.000000
    0.305773    0.242192    0.000000
   -0.206311    0.168226    0.000000
   -0.461914    0.388813    0.000000
    0.305868    0.242388    0.000000
   -0.208399    0.168215    0.000000
   -0.462678    0.387622    0.000000
    0.302177    0.241680    0.000000
   -0.209655    0.168062    0.000000
   -0.462739    0.387477    0.000000
    0.301720    0.241585    0.000000
   -0.209750    0.168059    0.000000
   -0.464845    0.387763    0.000000
    0.300500    0.241811    0.000000
   -0.210996    0.168167    0.000000
   -0.464773    0.387768    0.000000
    0.300656    0.241832    0.000000
   -0.210838    0.168169    0.000000
   -0.461252    0.387163    0.000000
    0.301737    0.241223    0.000000
   -0.209497    0.167908    0.000000
   -0.461253    0.387174    0.000000
    0.301771    0.241231    0.000000
   -0.209500    0.167908    0.000000
    1.605043    0.385739    0.512411
    2.621036    0.409886    0.512411
    4.123237    0.437868    0.512411
    1.609811    0.386212    0.512411
    2.627560    0.410450    0.512411
    4.129929    0.438191    0.512411
    1.605042    0.385739    0.512411
    2.621035    0.409886    0.512411
    4.123236    0.437868    0.512411
    1.609810    0.386212    0.512411
    2.627559    0.410450    0.512411
    4.129928    0.438191    0.512411
    1.605042    0.385739    0.512411
    2.621036    0.409886    0.512411
    4.123236    0.437868    0.512411
    1.609810    0.386212    0.512411
    2.627559    0.410450    0.512411
    4.129928    0.438191    0.512411
    1.605042    0.385739    0.512411
    2.621035    0.409886    0.512411
    4.123236    0.437868    0.512411
    1.609810    0.386212    0.512411
    2.627559    0.410450    0.512411
    4.129928    0.438191    0.512411
    1.605042    0.385739    0.512411
    2.621035    0.409886    0.512411
    4.123236    0.437868    0.512411
    1.609810    0.386212    0.512411
    2.627559    0.410450    0.512411
    4.129928    0.438191    0.512411
    1.605042    0.385739    0.512411
    2.621036    0.409886    0.512411
    4.123236    0.437868    0.512411
    1.609811    0.386212    0.512411
    2.627560    0.410450    0.512411
    4.129929    0.438191    0.512411
    1.605043    0.385739    0.512411
    2.621036    0.409886    0.512411
    4.123236    0.437868    0.512411
    1.609811    0.386212    0.512411
    2.627560    0.410450    0.512411
    4.129929    0.438191    0.512411
    1.605042    0.385739    0.512411
    2.621036    0.409886    0.512411
    4.123236    0.437868    0.512411
    1.609811    0.386212    0.512411
    2.627559    0.410450    0.512411
    4.129929    0.438191    0.512411
    1.605042    0.385739    0.512411
    2.621035    0.409886    0.512411
    4.123235    0.437868    0.512411
    1.609810    0.386212    0.512411
    2.627559    0.410450    0.512411
    4.129928    0.438191    0.512411
    1.605042    0.385739    0.512411
    2.621036    0.409886    0.512411
    4.123236    0.437868    0.512411
    1.609811    0.386212    0.512411
    2.627559    0.410450    0.512411
    4.129929    0.438191    0.512411
    1.605043    0.385739    0.512411
    2.621036    0.409886    0.512411
    4.123236    0.437868    0.512411
    1.609811    0.386212    0.512411
    2.627560    0.410450    0.512411
    4.129929    0.438191    0.512411
    1.605042    0.385739    0.512411
    2.621036    0.409886    0.512411
    4.123236    0.437868    0.512411
    1.609811    0.386212    0.512411
    2.627559    0.410450    0.512411
    4.129929    0.438191    0.512411
    1.605042    0.385739    0.512411
    2.621035    0.409886    0.512411
    4.123236    0.437868    0.512411
    1.609810    0.386212    0.512411
    2.627559    0.410450    0.512411
    4.129928    0.438191    0.512411
    1.605043    0.385739    0.512411
    2.621036    0.409886    0.512411
    4.123236    0.437868    0.512411
    1.609811    0.386212    0.512411
    2.627560    0.410450    0.512411
    4.129929    0.438191    0.512411
    1.605043    0.385739    0.512411
    2.621036    0.409886    0.512411
    4.123236    0.437868    0.512411
    1.609811    0.386212    0.512411
    2.627560    0.410450    0.512411
    4.129929    0.438191    0.512411
    1.605042    0.385739    0.512411
    2.621036    0.409886    0.512411
    4.123236    0.437868    0.512411
    1.609811    0.386212    0.512411
    2.627559    0.410450    0.512411
    4.129929    0.438191    0.512411
    1.605042    0.385739    0.512411
    2.621035    0.409886    0.512411
    4.123236    0.437868    0.512411
    1.609810    0.386212    0.512411
    2.627559    0.410450    0.512411
    4.129928    0.438191    0.512411
    1.605042    0.385739    0.512411
    2.621036    0.409886    0.512411
    4.123236    0.437868    0.512411
    1.609811    0.386212    0.512411
    2.627559    0.410450    0.512411
    4.129929    0.438191    0.512411
    1.605042    0.385739    0.512411
    2.621036    0.409886    0.512411
    4.123236    0.437868    0.512411
    1.609810    0.386212    0.512411
    2.627559    0.410450    0.512411
    4.129928    0.438191    0.512411
    0.081356    0.407582    0.123360
    1.099817    0.402571    0.123360
    0.086223    0.134489    0.123360
    0.084348    0.408230    0.123360
    1.101836    0.402668    0.123360
    0.103464    0.135710    0.123360
    0.081356    0.407582    0.123360
    1.099817    0.402571    0.123360
    0.086223    0.134489    0.123360
    0.084348    0.408230    0.123360
    1.101837    0.402668    0.123360
    0.103464    0.135710    0.123360
    0.081356    0.407582    0.123360
    1.099817    0.402571    0.123360
    0.086222    0.134489    0.123360
    0.084347    0.408230    0.123360
    1.101836    0.402668    0.123360
    0.103464    0.135710    0.123360
    0.081356    0.407582    0.123360
    1.099817    0.402571    0.123360
    0.086223    0.134489    0.123360
    0.084347    0.408230    0.123360
    1.101836    0.402668    0.123360
    0.103464    0.135710    0.123360
    0.081356    0.407582    0.123360
    1.099817    0.402571    0.123360
    0.086223    0.134489    0.123360
    0.084347    0.408230    0.123360
    1.101836    0.402668    0.123360
    0.103464    0.135710    0.123360
    0.081355    0.407582    0.123360
    1.099817    0.402571    0.123360
    0.086222    0.134489    0.123360
    0.084347    0.408230    0.123360
    1.101836    0.402668    0.123360
    0.103463    0.135710    0.123360
    0.081356    0.407582    0.123360
    1.099817    0.402571    0.123360
    0.086223    0.134489    0.123360
    0.084347    0.408230    0.123360
    1.101836    0.402668    0.123360
    0.103464    0.135710    0.123360
    0.081356    0.407582    0.123360
    1.099817    0.402571    0.123360
    0.086223    0.134489    0.123360
    0.084347    0.408230    0.123360
    1.101836    0.402668    0.123360
    0.103464    0.135710    0.123360
    0.081356    0.407582    0.123360
    1.099817    0.402571    0.123360
    0.086223    0.134489    0.123360
    0.084348    0.408230    0.123360
    1.101837    0.402668    0.123360
    0.103464    0.135710    0.123360
    0.081355    0.407582    0.123360
    1.099816    0.402571    0.123360
    0.086222    0.134489    0.123360
    0.084347    0.408230    0.123360
    1.101836    0.402668    0.123360
    0.103463    0.135710    0.123360
    0.081356    0.407582    0.123360
    1.099817    0.402571    0.123360
    0.086223    0.134489    0.123360
    0.084347    0.408230    0.123360
    1.101836    0.402668    0.123360
    0.103464    0.135710    0.123360
    0.081356    0.407582    0.123360
    1.099817    0.402571    0.123360
    0.086223    0.134489    0.123360
    0.084348    0.408230    0.123360
    1.101837    0.402668    0.123360
    0.103464    0.135710    0.123360
    0.081356    0.407582    0.123360
    1.099817    0.402571    0.123360
    0.086222    0.134489    0.123360
    0.084347    0.408230    0.123360
    1.101836    0.402668    0.123360
    0.103464    0.135710    0.123360
    0.081356    0.407582    0.123360
    1.099817    0.402571    0.123360
    0.086223    0.134489    0.123360
    0.084347    0.408230    0.123360
    1.101836    0.402668    0.123360
    0.103464    0.135710    0.123360
    0.081356    0.407582    0.123360
    1.099817    0.402571    0.123360
    0.086223    0.134489    0.123360
    0.084348    0.408230    0.123360
    1.101837    0.402668    0.123360
    0.103464    0.135710    0.123360
    0.081356    0.407582    0.123360
    1.099818    0.402571    0.123360
    0.086223    0.134489    0.123360
    0.084348    0.408230    0.123360
    1.101837    0.402668    0.123360
    0.103464    0.135710    0.123360
    0.081356    0.407582    0.123360
    1.099817    0.402571    0.123360
    0.086222    0.134489    0.123360
    0.084347    0.408230    0.123360
    1.101836    0.402668    0.123360
    0.103464    0.135710    0.123360
    0.081356    0.407582    0.123360
    1.099817    0.402571    0.123360
    0.086223    0.134489    0.123360
    0.084347    0.408230    0.123360
    1.101836    0.402668    0.123360
    0.103464    0.135710    0.123360
    0.081356    0.407582    0.123360
    1.099817    0.402571    0.123360
    0.086223    0.134489    0.123360
    0.084348    0.408230    0.123360
    1.101836    0.402668    0.123360
    0.103464    0.135710    0.123360
   -0.059550    0.394165    0.097960
    0.835891    0.382121    0.097960
    0.031196    0.099910    0.097960
   -0.016332    0.399350    0.097960
    0.882577    0.386422    0.097960
    0.224135    0.117173    0.097960
   -0.059551    0.394165    0.097960
    0.835891    0.382121    0.097960
    0.031196    0.099910    0.097960
   -0.016332    0.399350    0.097960
    0.882576    0.386422    0.097960
    0.224135    0.117173    0.097960
   -0.059550    0.394165    0.097960
    0.835891    0.382121    0.097960
    0.031196    0.099910    0.097960
   -0.016332    0.399350    0.097960
    0.882577    0.386422    0.097960
    0.224135    0.117173    0.097960
   -0.059550    0.394165    0.097960
    0.835891    0.382121    0.097960
    0.031196    0.099910    0.097960
   -0.016331    0.399350    0.097960
    0.882577    0.386422    0.097960
    0.224135    0.117173    0.097960
   -0.059551    0.394165    0.097960
    0.835890    0.382121    0.097960
    0.031196    0.099910    0.097960
   -0.016332    0.399350    0.097960
    0.882576    0.386422    0.097960
    0.224135    0.117173    0.097960
   -0.059550    0.394165    0.097960
    0.835891    0.382121    0.097960
    0.031196    0.099910    0.097960
   -0.016332    0.399350    0.097960
    0.882577    0.386422    0.097960
    0.224135    0.117173    0.097960
   -0.059550    0.394165    0.097960
    0.835891    0.382121    0.097960
    0.031196    0.099910    0.097960
   -0.016331    0.399350    0.097960
    0.882577    0.386422    0.097960
    0.224135    0.117173    0.097960
   -0.059550    0.394165    0.097960
    0.835891    0.382121    0.097960
    0.031196    0.099910    0.097960
   -0.016331    0.399350    0.097960
    0.882577    0.386422    0.097960
    0.224136    0.117173    0.097960
   -0.059551    0.394165    0.097960
    0.835890    0.382121    0.097960
    0.031196    0.099910    0.097960
   -0.016332    0.399350    0.097960
    0.882576    0.386422    0.097960
    0.224135    0.117173    0.097960
   -0.059551    0.394165    0.097960
    0.835891    0.382121    0.097960
    0.031196    0.099910    0.097960
   -0.016332    0.399350    0.097960
    0.882576    0.386422    0.097960
    0.224135    0.117173    0.097960
   -0.059550    0.394165    0.097960
    0.835891    0.382121    0.097960
    0.031196    0.099910    0.097960
   -0.016331    0.399350    0.097960
    0.882577    0.386422    0.097960
    0.224136    0.117173    0.097960
   -0.059550    0.394165    0.097960
    0.835891    0.382121    0.097960
    0.031196    0.099910    0.097960
   -0.016331    0.399350    0.097960
    0.882577    0.386422    0.097960
    0.224136    0.117173    0.097960
   -0.059551    0.394165    0.097960
    0.835890    0.382121    0.097960
    0.031196    0.099910    0.097960
   -0.016332    0.399350    0.097960
    0.882576    0.386422    0.097960
    0.224135    0.117173    0.097960
   -0.059550    0.394165    0.097960
    0.835891    0.382121    0.097960
    0.031196    0.099910    0.097960
   -0.016332    0.399350    0.097960
    0.882576    0.386422    0.097960
    0.224135    0.117173    0.097960
   -0.059550    0.394165    0.097960
    0.835891    0.382121    0.097960
    0.031196    0.099910    0.097960
   -0.016332    0.399350    0.097960
    0.882577    0.386422    0.097960
    0.224135    0.117173    0.097960
   -0.059550    0.394165    0.097960
    0.835891    0.382121    0.097960
    0.031196    0.099910    0.097960
   -0.016331    0.399350    0.097960
    0.882577    0.386422    0.097960
    0.224136    0.117173    0.097960
   -0.059551    0.394165    0.097960
    0.835891    0.382121    0.097960
    0.031196    0.099910    0.097960
   -0.016332    0.399350    0.097960
    0.882576    0.386422    0.097960
    0.224135    0.117173    0.097960
   -0.059550    0.394165    0.097960
    0.835891    0.382121    0.097960
    0.031196    0.099910    0.097960
   -0.016332    0.399350    0.097960
    0.882576    0.386422    0.097960
    0.224135    0.117173    0.097960
   -0.059550    0.394165    0.097960
    0.835891    0.382121    0.097960
    0.031196    0.099910    0.097960
   -0.016332    0.399350    0.097960
    0.882577    0.386422    0.097960
    0.224135    0.117173    0.097960
   -0.422804    0.406884   -0.000359
    0.779260    0.413652   -0.000359
   -0.179466    0.168986   -0.000359
   -0.425669    0.406973   -0.000359
    0.775368    0.413343   -0.000359
   -0.180128    0.169307   -0.000359
   -0.422805    0.406884   -0.000360
    0.779260    0.413652   -0.000360
   -0.179467    0.168986   -0.000360
   -0.425670    0.406973   -0.000360
    0.775367    0.413343   -0.000360
   -0.180129    0.169307   -0.000360
   -0.422805    0.406884   -0.000359
    0.779260    0.413652   -0.000359
   -0.179467    0.168986   -0.000359
   -0.425669    0.406973   -0.000359
    0.775367    0.413343   -0.000359
   -0.180129    0.169307   -0.000359
   -0.422805    0.406884   -0.000359
    0.779260    0.413652   -0.000359
   -0.179467    0.168986   -0.000359
   -0.425669    0.406973   -0.000359
    0.775367    0.413343   -0.000359
   -0.180129    0.169307   -0.000359
   -0.422805    0.406884   -0.000360
    0.779260    0.413652   -0.000360
   -0.179467    0.168986   -0.000360
   -0.425670    0.406973   -0.000360
    0.775367    0.413343   -0.000360
   -0.180129    0.169307   -0.000360
   -0.422804    0.406884   -0.000359
    0.779260    0.413652   -0.000359
   -0.179467    0.168986   -0.000359
   -0.425669    0.406973   -0.000359
    0.775367    0.413343   -0.000359
   -0.180128    0.169307   -0.000359
   -0.422804    0.406884   -0.000359
    0.779260    0.413652   -0.000359
   -0.179467    0.168986   -0.000359
   -0.425669    0.406973   -0.000359
    0.775368    0.413343   -0.000359
   -0.180128    0.169307   -0.000359
   -0.422804    0.406884   -0.000359
    0.779260    0.413652   -0.000359
   -0.179467    0.168986   -0.000359
   -0.425669    0.406973   -0.000359
    0.775368    0.413343   -0.000359
   -0.180128    0.169307   -0.000359
   -0.422805    0.406884   -0.000360
    0.779260    0.413652   -0.000360
   -0.179467    0.168986   -0.000360
   -0.425670    0.406973   -0.000360
    0.775367    0.413343   -0.000360
   -0.180129    0.169307   -0.000360
   -0.422805    0.406884   -0.000359
    0.779260    0.413652   -0.000359
   -0.179467    0.168986   -0.000359
   -0.425669    0.406973   -0.000359
    0.775367    0.413343   -0.000359
   -0.180128    0.169307   -0.000359
   -0.422804    0.406884   -0.000359
    0.779260    0.413652   -0.000359
   -0.179466    0.168986   -0.000359
   -0.425669    0.406973   -0.000359
    0.775368    0.413343   -0.000359
   -0.180128    0.169307   -0.000359
   -0.422804    0.406884   -0.000359
    0.779260    0.413652   -0.000359
   -0.179467    0.168986   -0.000359
   -0.425669    0.406973   -0.000359
    0.775367    0.413343   -0.000359
   -0.180128    0.169307   -0.000359
   -0.422805    0.406884   -0.000360
    0.779260    0.413652   -0.000360
   -0.179467    0.168986   -0.000360
   -0.425670    0.406973   -0.000360
    0.775367    0.413343   -0.000360
   -0.180129    0.169307   -0.000360
   -0.422804    0.406884   -0.000359
    0.779260    0.413652   -0.000359
   -0.179467    0.168986   -0.000359
   -0.425669    0.406973   -0.000359
    0.775367    0.413343   -0.000359
   -0.180128    0.169307   -0.000359
   -0.422804    0.406884   -0.000359
    0.779260    0.413652   -0.000359
   -0.179467    0.168986   -0.000359
   -0.425669    0.406973   -0.000359
    0.775368    0.413343   -0.000359
   -0.180128    0.169307   -0.000359
   -0.422804    0.406884   -0.000359
    0.779260    0.413652   -0.000359
   -0.179467    0.168986   -0.000359
   -0.425669    0.406973   -0.000359
    0.775367    0.413343   -0.000359
   -0.180128    0.169307   -0.000359
   -0.422805    0.406884   -0.000360
    0.779260    0.413652   -0.000360
   -0.179467    0.168986   -0.000360
   -0.425670    0.406973   -0.000360
    0.775367    0.413343   -0.000360
   -0.180129    0.169307   -0.000360
   -0.422805    0.406884   -0.000359
    0.779260    0.413652   -0.000359
   -0.179467    0.168986   -0.000359
   -0.425669    0.406973   -0.000359
    0.775367    0.413343   -0.000359
   -0.180129    0.169307   -0.000359
   -0.422805    0.406884   -0.000359
    0.779260    0.413652   -0.000359
   -0.179467    0.168986   -0.000359
   -0.425669    0.406973   -0.000359
    0.775367    0.413343   -0.000359
   -0.180129    0.169307   -0.000359
   -0.529829    0.407622   -0.036709
    0.672250    0.414214   -0.036709
   -0.278968    0.169881   -0.036709
   -0.531043    0.407532   -0.036709
    0.671036    0.414125   -0.036709
   -0.281157    0.169722   -0.036709
