   -0.463535366   0.387532275   0.000000000   0.000000000
    0.301050275   0.241609492   0.000000000   0.000000000
   -0.210038078   0.168124246   0.000000000   0.000000000
   -0.463535366   0.387532275   0.000000000   0.000000000
    0.301050275   0.241609492   0.000000000   0.000000000
   -0.210038078   0.168124246   0.000000000   0.000000000
    0.310280697   0.235830480   0.000000000   0.000000000
    0.407099312   0.125306852   0.000000000   0.000000000
    0.158476044   0.034553501   0.000000000   0.000000000
    0.305662778   0.233437703   0.000000000   0.000000000
    0.391411450   0.122921229   0.000000000   0.000000000
    0.143752339   0.033236959   0.000000000   0.000000000
   -0.170789038   0.386551975   0.000000000   0.000000000
    0.423592796   0.235422103   0.000000000   0.000000000
   -0.160492525   0.134633335   0.000000000   0.000000000
   -0.167438110   0.387904449   0.000000000   0.000000000
    0.437435085   0.237946405   0.000000000   0.000000000
   -0.143153889   0.136310151   0.000000000   0.000000000
   -0.265392544   0.366357259   0.000000000   0.000000000
    0.315757331   0.242185488   0.000000000   0.000000000
   -0.164694230   0.100540876   0.000000000   0.000000000
   -0.223768312   0.369143990   0.000000000   0.000000000
    0.354599110   0.244009952   0.000000000   0.000000000
    0.037079290   0.124879418   0.000000000   0.000000000
   -0.425366559   0.390548265   0.000000000   0.000000000
    0.342302838   0.242177858   0.000000000   0.000000000
   -0.179358490   0.167547414   0.000000000   0.000000000
   -0.427656199   0.392151168   0.000000000   0.000000000
    0.350386058   0.244406347   0.000000000   0.000000000
   -0.180165888   0.167651331   0.000000000   0.000000000
   -0.461079654   0.388080775   0.000000000   0.000000000
    0.305772819   0.242191980   0.000000000   0.000000000
   -0.206310679   0.168226216   0.000000000   0.000000000
   -0.461913755   0.388813085   0.000000000   0.000000000
    0.305868244   0.242387834   0.000000000   0.000000000
   -0.208399223   0.168214630   0.000000000   0.000000000
   -0.462678035   0.387622009   0.000000000   0.000000000
    0.302177102   0.241679642   0.000000000   0.000000000
   -0.209655041   0.168061930   0.000000000   0.000000000
   -0.462739127   0.387476670   0.000000000   0.000000000
    0.301719651   0.241585084   0.000000000   0.000000000
   -0.209750108   0.168058912   0.000000000   0.000000000
   -0.464844744   0.387762590   0.000000000   0.000000000
    0.300500441   0.241810903   0.000000000   0.000000000
   -0.210995658   0.168167049   0.000000000   0.000000000
   -0.464773278   0.387768224   0.000000000   0.000000000
    0.300655988   0.241832398   0.000000000   0.000000000
   -0.210838182   0.168169319   0.000000000   0.000000000
   -0.461251601   0.387163217   0.000000000   0.000000000
    0.301737447   0.241222894   0.000000000   0.000000000
   -0.209496796   0.167908107   0.000000000   0.000000000
   -0.461252886   0.387174015   0.000000000   0.000000000
    0.301770811   0.241230706   0.000000000   0.000000000
   -0.209499775   0.167908290   0.000000000   0.000000000
    0.580219639   0.385738970   0.431734466   0.512410960
    1.596213089   0.409886063   0.121135425   0.512410960
    3.098413336   0.437867696   0.066042444   0.512410960
    0.584987991   0.386211609   0.432042016   0.512410960
    1.602736613   0.410449715   0.121279551   0.512410960
    3.105105895   0.438191251   0.066089959   0.512410960
    0.580219286   0.385738969   0.431734465   0.512410610
    1.596212733   0.409886062   0.121135424   0.512410610
    3.098412970   0.437867694   0.066042443   0.512410610
    0.584987635   0.386211606   0.432042014   0.512410610
    1.602736252   0.410449712   0.121279551   0.512410610
    3.105105513   0.438191247   0.066089958   0.512410610
    0.580219397   0.385738969   0.431734465   0.512410720
    1.596212845   0.409886062   0.121135424   0.512410720
    3.098413086   0.437867695   0.066042444   0.512410720
    0.584987746   0.386211606   0.432042015   0.512410720
    1.602736365   0.410449713   0.121279551   0.512410720
    3.105105634   0.438191248   0.066089958   0.512410720
    0.580219335   0.385738968   0.431734464   0.512410660
    1.596212780   0.409886061   0.121135424   0.512410660
    3.098413016   0.437867693   0.066042443   0.512410660
    0.584987685   0.386211605   0.432042014   0.512410660
    1.602736302   0.410449712   0.121279551   0.512410660
    3.105105568   0.438191247   0.066089958   0.512410660
    0.580219358   0.385738969   0.431734465   0.512410680
    1.596212806   0.409886062   0.121135424   0.512410680
    3.098413046   0.437867695   0.066042444   0.512410680
    0.584987707   0.386211607   0.432042015   0.512410680
    1.602736325   0.410449713   0.121279551   0.512410680
    3.105105591   0.438191248   0.066089958   0.512410680
    0.580219561   0.385738971   0.431734466   0.512410880
    1.596213011   0.409886064   0.121135425   0.512410880
    3.098413257   0.437867696   0.066042444   0.512410880
    0.584987910   0.386211608   0.432042015   0.512410880
    1.602736530   0.410449714   0.121279551   0.512410880
    3.105105808   0.438191250   0.066089959   0.512410880
    0.580219590   0.385738971   0.431734466   0.512410910
    1.596213039   0.409886063   0.121135425   0.512410910
    3.098413285   0.437867696   0.066042444   0.512410910
    0.584987940   0.386211608   0.432042015   0.512410910
    1.602736561   0.410449714   0.121279551   0.512410910
    3.105105841   0.438191251   0.066089959   0.512410910
    0.580219426   0.385738969   0.431734465   0.512410750
    1.596212872   0.409886062   0.121135424   0.512410750
    3.098413112   0.437867694   0.066042443   0.512410750
    0.584987777   0.386211606   0.432042015   0.512410750
    1.602736395   0.410449713   0.121279551   0.512410750
    3.105105668   0.438191249   0.066089959   0.512410750
    0.580219257   0.385738969   0.431734465   0.512410580
    1.596212705   0.409886062   0.121135424   0.512410580
    3.098412942   0.437867694   0.066042443   0.512410580
    0.584987606   0.386211606   0.432042015   0.512410580
    1.602736222   0.410449713   0.121279551   0.512410580
    3.105105483   0.438191247   0.066089958   0.512410580
    0.580219540   0.385738971   0.431734466   0.512410860
    1.596212991   0.409886064   0.121135425   0.512410860
    3.098413237   0.437867696   0.066042444   0.512410860
    0.584987891   0.386211608   0.432042016   0.512410860
    1.602736511   0.410449714   0.121279551   0.512410860
    3.105105787   0.438191250   0.066089959   0.512410860
    0.580219589   0.385738970   0.431734466   0.512410910
    1.596213038   0.409886063   0.121135424   0.512410910
    3.098413283   0.437867696   0.066042444   0.512410910
    0.584987940   0.386211608   0.432042015   0.512410910
    1.602736561   0.410449714   0.121279551   0.512410910
    3.105105843   0.438191251   0.066089959   0.512410910
    0.580219355   0.385738968   0.431734464   0.512410680
    1.596212799   0.409886061   0.121135424   0.512410680
    3.098413037   0.437867693   0.066042443   0.512410680
    0.584987706   0.386211605   0.432042014   0.512410680
    1.602736323   0.410449712   0.121279551   0.512410680
    3.105105592   0.438191248   0.066089958   0.512410680
    0.580219348   0.385738969   0.431734465   0.512410670
    1.596212797   0.409886063   0.121135424   0.512410670
    3.098413037   0.437867695   0.066042444   0.512410670
    0.584987697   0.386211607   0.432042015   0.512410670
    1.602736314   0.410449713   0.121279551   0.512410670
    3.105105581   0.438191248   0.066089958   0.512410670
    0.580219550   0.385738971   0.431734466   0.512410870
    1.596213000   0.409886063   0.121135425   0.512410870
    3.098413247   0.437867696   0.066042444   0.512410870
    0.584987901   0.386211608   0.432042016   0.512410870
    1.602736521   0.410449714   0.121279551   0.512410870
    3.105105800   0.438191251   0.066089959   0.512410870
    0.580219570   0.385738970   0.431734466   0.512410890
    1.596213019   0.409886063   0.121135425   0.512410890
    3.098413266   0.437867696   0.066042444   0.512410890
    0.584987920   0.386211608   0.432042015   0.512410890
    1.602736541   0.410449714   0.121279551   0.512410890
    3.105105822   0.438191251   0.066089959   0.512410890
    0.580219417   0.385738969   0.431734465   0.512410740
    1.596212862   0.409886062   0.121135424   0.512410740
    3.098413104   0.437867694   0.066042444   0.512410740
    0.584987767   0.386211606   0.432042015   0.512410740
    1.602736386   0.410449713   0.121279551   0.512410740
    3.105105659   0.438191249   0.066089959   0.512410740
    0.580219265   0.385738968   0.431734464   0.512410590
    1.596212710   0.409886061   0.121135424   0.512410590
    3.098412948   0.437867693   0.066042443   0.512410590
    0.584987615   0.386211606   0.432042014   0.512410590
    1.602736231   0.410449712   0.121279551   0.512410590
    3.105105496   0.438191247   0.066089958   0.512410590
    0.580219376   0.385738968   0.431734465   0.512410700
    1.596212821   0.409886062   0.121135424   0.512410700
    3.098413062   0.437867694   0.066042443   0.512410700
    0.584987727   0.386211606   0.432042015   0.512410700
    1.602736345   0.410449713   0.121279551   0.512410700
    3.105105616   0.438191249   0.066089958   0.512410700
    0.580219325   0.385738968   0.431734464   0.512410650
    1.596212769   0.409886061   0.121135424   0.512410650
    3.098413007   0.437867693   0.066042443   0.512410650
    0.584987675   0.386211606   0.432042014   0.512410650
    1.602736293   0.410449712   0.121279551   0.512410650
    3.105105561   0.438191248   0.066089958   0.512410650
   -0.165363912   0.407582082   0.430007464   0.123360330
    0.853097137   0.402571082   0.118078897   0.123360330
   -0.160497170   0.134489477   0.006312196   0.123360330
   -0.162372657   0.408229624   0.430041085   0.123360330
    0.855116284   0.402668124   0.117991624   0.123360330
   -0.143255919   0.135710146   0.007187784   0.123360330
   -0.165363878   0.407582082   0.430007464   0.123360360
    0.853097170   0.402571082   0.118078897   0.123360360
   -0.160497133   0.134489477   0.006312196   0.123360360
   -0.162372624   0.408229624   0.430041085   0.123360360
    0.855116317   0.402668124   0.117991624   0.123360360
   -0.143255881   0.135710146   0.007187784   0.123360360
   -0.165364279   0.407582081   0.430007463   0.123359980
    0.853096766   0.402571081   0.118078897   0.123359980
   -0.160497555   0.134489475   0.006312198   0.123359980
   -0.162373022   0.408229624   0.430041084   0.123359980
    0.855115915   0.402668122   0.117991624   0.123359980
   -0.143256307   0.135710144   0.007187785   0.123359980
   -0.165364153   0.407582081   0.430007463   0.123360100
    0.853096893   0.402571082   0.118078897   0.123360100
   -0.160497423   0.134489476   0.006312197   0.123360100
   -0.162372896   0.408229624   0.430041084   0.123360100
    0.855116042   0.402668123   0.117991624   0.123360100
   -0.143256174   0.135710144   0.007187784   0.123360100
   -0.165364120   0.407582081   0.430007463   0.123360130
    0.853096927   0.402571082   0.118078897   0.123360130
   -0.160497388   0.134489476   0.006312197   0.123360130
   -0.162372864   0.408229624   0.430041084   0.123360130
    0.855116075   0.402668123   0.117991624   0.123360130
   -0.143256137   0.135710145   0.007187784   0.123360130
   -0.165364277   0.407582081   0.430007463   0.123359980
    0.853096767   0.402571081   0.118078897   0.123359980
   -0.160497553   0.134489475   0.006312197   0.123359980
   -0.162373022   0.408229624   0.430041084   0.123359980
    0.855115916   0.402668123   0.117991624   0.123359980
   -0.143256305   0.135710144   0.007187785   0.123359980
   -0.165364050   0.407582082   0.430007464   0.123360200
    0.853096997   0.402571082   0.118078897   0.123360200
   -0.160497317   0.134489476   0.006312197   0.123360200
   -0.162372794   0.408229624   0.430041085   0.123360200
    0.855116146   0.402668123   0.117991624   0.123360200
   -0.143256068   0.135710145   0.007187784   0.123360200
   -0.165363953   0.407582082   0.430007464   0.123360290
    0.853097094   0.402571082   0.118078897   0.123360290
   -0.160497214   0.134489477   0.006312196   0.123360290
   -0.162372698   0.408229624   0.430041085   0.123360290
    0.855116242   0.402668124   0.117991624   0.123360290
   -0.143255963   0.135710145   0.007187784   0.123360290
   -0.165363972   0.407582082   0.430007464   0.123360270
    0.853097076   0.402571082   0.118078897   0.123360270
   -0.160497231   0.134489477   0.006312196   0.123360270
   -0.162372716   0.408229624   0.430041085   0.123360270
    0.855116225   0.402668124   0.117991624   0.123360270
   -0.143255979   0.135710146   0.007187784   0.123360270
   -0.165364331   0.407582081   0.430007463   0.123359930
    0.853096713   0.402571081   0.118078897   0.123359930
   -0.160497610   0.134489475   0.006312198   0.123359930
   -0.162373074   0.408229623   0.430041084   0.123359930
    0.855115863   0.402668122   0.117991624   0.123359930
   -0.143256362   0.135710144   0.007187785   0.123359930
   -0.165364082   0.407582081   0.430007464   0.123360170
    0.853096966   0.402571082   0.118078897   0.123360170
   -0.160497350   0.134489476   0.006312197   0.123360170
   -0.162372826   0.408229624   0.430041085   0.123360170
    0.855116114   0.402668123   0.117991624   0.123360170
   -0.143256102   0.135710145   0.007187784   0.123360170
   -0.165363970   0.407582082   0.430007464   0.123360270
    0.853097078   0.402571082   0.118078897   0.123360270
   -0.160497229   0.134489477   0.006312196   0.123360270
   -0.162372717   0.408229624   0.430041085   0.123360270
    0.855116225   0.402668124   0.117991624   0.123360270
   -0.143255977   0.135710146   0.007187784   0.123360270
   -0.165364237   0.407582081   0.430007463   0.123360020
    0.853096809   0.402571081   0.118078897   0.123360020
   -0.160497512   0.134489475   0.006312197   0.123360020
   -0.162372981   0.408229624   0.430041084   0.123360020
    0.855115957   0.402668123   0.117991624   0.123360020
   -0.143256264   0.135710144   0.007187785   0.123360020
   -0.165364016   0.407582082   0.430007464   0.123360230
    0.853097032   0.402571082   0.118078897   0.123360230
   -0.160497280   0.134489476   0.006312196   0.123360230
   -0.162372761   0.408229624   0.430041085   0.123360230
    0.855116179   0.402668124   0.117991624   0.123360230
   -0.143256029   0.135710145   0.007187784   0.123360230
   -0.165363910   0.407582082   0.430007464   0.123360330
    0.853097138   0.402571082   0.118078897   0.123360330
   -0.160497167   0.134489477   0.006312196   0.123360330
   -0.162372655   0.408229624   0.430041085   0.123360330
    0.855116286   0.402668124   0.117991624   0.123360330
   -0.143255915   0.135710146   0.007187784   0.123360330
   -0.165363939   0.407582082   0.430007464   0.123360300
    0.853097109   0.402571082   0.118078897   0.123360300
   -0.160497196   0.134489477   0.006312196   0.123360300
   -0.162372685   0.408229624   0.430041085   0.123360300
    0.855116257   0.402668124   0.117991624   0.123360300
   -0.143255943   0.135710146   0.007187784   0.123360300
   -0.165364236   0.407582081   0.430007463   0.123360020
    0.853096810   0.402571081   0.118078897   0.123360020
   -0.160497508   0.134489476   0.006312197   0.123360020
   -0.162372979   0.408229624   0.430041084   0.123360020
    0.855115959   0.402668123   0.117991624   0.123360020
   -0.143256260   0.135710144   0.007187785   0.123360020
   -0.165364079   0.407582081   0.430007463   0.123360170
    0.853096969   0.402571082   0.118078897   0.123360170
   -0.160497345   0.134489476   0.006312196   0.123360170
   -0.162372824   0.408229624   0.430041085   0.123360170
    0.855116116   0.402668123   0.117991624   0.123360170
   -0.143256095   0.135710145   0.007187784   0.123360170
   -0.165364035   0.407582082   0.430007463   0.123360210
    0.853097013   0.402571082   0.118078897   0.123360210
   -0.160497298   0.134489476   0.006312196   0.123360210
   -0.162372781   0.408229624   0.430041085   0.123360210
    0.855116160   0.402668124   0.117991624   0.123360210
   -0.143256047   0.135710145   0.007187784   0.123360210
   -0.255469782   0.394165074   0.426418046   0.097960170
    0.639971467   0.382120672   0.113427998   0.097960170
   -0.164723407   0.099910479  -0.002904741   0.097960170
   -0.212251056   0.399349995   0.427708564   0.097960170
    0.686657188   0.386421850   0.114107196   0.097960170
    0.028215796   0.117173296   0.004014317   0.097960170
   -0.255470034   0.394165074   0.426418046   0.097959930
    0.639971210   0.382120670   0.113427998   0.097959930
   -0.164723665   0.099910478  -0.002904738   0.097959930
   -0.212251298   0.399349994   0.427708563   0.097959930
    0.686656940   0.386421848   0.114107196   0.097959930
    0.028215510   0.117173290   0.004014315   0.097959930
   -0.255469875   0.394165074   0.426418046   0.097960080
    0.639971375   0.382120672   0.113427999   0.097960080
   -0.164723502   0.099910479  -0.002904740   0.097960080
   -0.212251147   0.399349995   0.427708564   0.097960080
    0.686657096   0.386421850   0.114107196   0.097960080
    0.028215698   0.117173296   0.004014317   0.097960080
   -0.255469825   0.394165074   0.426418047   0.097960130
    0.639971424   0.382120672   0.113427999   0.097960130
   -0.164723458   0.099910478  -0.002904741   0.097960130
   -0.212251100   0.399349995   0.427708564   0.097960130
    0.686657145   0.386421851   0.114107197   0.097960130
    0.028215750   0.117173297   0.004014318   0.097960130
   -0.255470064   0.394165074   0.426418045   0.097959900
    0.639971181   0.382120670   0.113427998   0.097959900
   -0.164723694   0.099910479  -0.002904738   0.097959900
   -0.212251327   0.399349994   0.427708563   0.097959900
    0.686656910   0.386421848   0.114107195   0.097959900
    0.028215480   0.117173289   0.004014315   0.097959900
   -0.255469853   0.394165074   0.426418046   0.097960100
    0.639971396   0.382120672   0.113427999   0.097960100
   -0.164723478   0.099910479  -0.002904740   0.097960100
   -0.212251125   0.399349995   0.427708564   0.097960100
    0.686657117   0.386421850   0.114107196   0.097960100
    0.028215720   0.117173295   0.004014317   0.097960100
   -0.255469748   0.394165074   0.426418046   0.097960200
    0.639971501   0.382120672   0.113427999   0.097960200
   -0.164723369   0.099910479  -0.002904741   0.097960200
   -0.212251024   0.399349996   0.427708564   0.097960200
    0.686657220   0.386421851   0.114107197   0.097960200
    0.028215839   0.117173298   0.004014318   0.097960200
   -0.255469762   0.394165074   0.426418046   0.097960190
    0.639971488   0.382120672   0.113427999   0.097960190
   -0.164723394   0.099910478  -0.002904741   0.097960190
   -0.212251039   0.399349996   0.427708564   0.097960190
    0.686657205   0.386421851   0.114107197   0.097960190
    0.028215822   0.117173299   0.004014319   0.097960190
   -0.255470168   0.394165073   0.426418044   0.097959800
    0.639971071   0.382120668   0.113427997   0.097959800
   -0.164723801   0.099910478  -0.002904737   0.097959800
   -0.212251427   0.399349993   0.427708562   0.097959800
    0.686656805   0.386421845   0.114107195   0.097959800
    0.028215360   0.117173287   0.004014314   0.097959800
   -0.255469949   0.394165074   0.426418046   0.097960010
    0.639971300   0.382120672   0.113427999   0.097960010
   -0.164723581   0.099910479  -0.002904740   0.097960010
   -0.212251218   0.399349995   0.427708564   0.097960010
    0.686657024   0.386421850   0.114107196   0.097960010
    0.028215612   0.117173293   0.004014317   0.097960010
   -0.255469739   0.394165074   0.426418046   0.097960210
    0.639971510   0.382120672   0.113427999   0.097960210
   -0.164723365   0.099910479  -0.002904741   0.097960210
   -0.212251016   0.399349996   0.427708564   0.097960210
    0.686657228   0.386421851   0.114107197   0.097960210
    0.028215848   0.117173298   0.004014318   0.097960210
   -0.255469815   0.394165074   0.426418047   0.097960140
    0.639971435   0.382120672   0.113427999   0.097960140
   -0.164723455   0.099910478  -0.002904741   0.097960140
   -0.212251093   0.399349996   0.427708564   0.097960140
    0.686657152   0.386421851   0.114107197   0.097960140
    0.028215766   0.117173299   0.004014320   0.097960140
   -0.255470138   0.394165073   0.426418044   0.097959830
    0.639971101   0.382120668   0.113427997   0.097959830
   -0.164723773   0.099910478  -0.002904737   0.097959830
   -0.212251398   0.399349993   0.427708562   0.097959830
    0.686656835   0.386421845   0.114107195   0.097959830
    0.028215390   0.117173287   0.004014314   0.097959830
   -0.255469947   0.394165074   0.426418046   0.097960010
    0.639971302   0.382120672   0.113427999   0.097960010
   -0.164723579   0.099910478  -0.002904740   0.097960010
   -0.212251218   0.399349995   0.427708564   0.097960010
    0.686657024   0.386421850   0.114107196   0.097960010
    0.028215620   0.117173295   0.004014317   0.097960010
   -0.255469852   0.394165074   0.426418046   0.097960100
    0.639971397   0.382120672   0.113427999   0.097960100
   -0.164723480   0.099910479  -0.002904741   0.097960100
   -0.212251126   0.399349995   0.427708564   0.097960100
    0.686657117   0.386421850   0.114107196   0.097960100
    0.028215727   0.117173297   0.004014318   0.097960100
   -0.255469855   0.394165073   0.426418046   0.097960100
    0.639971395   0.382120672   0.113427999   0.097960100
   -0.164723494   0.099910478  -0.002904741   0.097960100
   -0.212251132   0.399349996   0.427708564   0.097960100
    0.686657113   0.386421851   0.114107197   0.097960100
    0.028215724   0.117173299   0.004014319   0.097960100
   -0.255470158   0.394165073   0.426418044   0.097959810
    0.639971082   0.382120668   0.113427997   0.097959810
   -0.164723795   0.099910478  -0.002904738   0.097959810
   -0.212251419   0.399349994   0.427708562   0.097959810
    0.686656814   0.386421846   0.114107195   0.097959810
    0.028215375   0.117173288   0.004014315   0.097959810
   -0.255470053   0.394165073   0.426418045   0.097959910
    0.639971191   0.382120670   0.113427998   0.097959910
   -0.164723693   0.099910478  -0.002904739   0.097959910
   -0.212251321   0.399349994   0.427708563   0.097959910
    0.686656917   0.386421848   0.114107196   0.097959910
    0.028215498   0.117173293   0.004014317   0.097959910
   -0.255470003   0.394165073   0.426418046   0.097959960
    0.639971241   0.382120670   0.113427998   0.097959960
   -0.164723647   0.099910478  -0.002904739   0.097959960
   -0.212251273   0.399349995   0.427708563   0.097959960
    0.686656966   0.386421848   0.114107196   0.097959960
    0.028215550   0.117173294   0.004014318   0.097959960
   -0.422085372   0.406883700   0.429760858  -0.000359290
    0.779979388   0.413651670   0.120210048  -0.000359290
   -0.178747424   0.168985551   0.014087983  -0.000359290
   -0.424950121   0.406972970   0.429606341  -0.000359290
    0.776086572   0.413342766   0.120070973  -0.000359290
   -0.179409173   0.169307406   0.014329295  -0.000359290
   -0.422085698   0.406883699   0.429760855  -0.000359620
    0.779979045   0.413651663   0.120210046  -0.000359620
   -0.178747747   0.168985552   0.014087983  -0.000359620
   -0.424950445   0.406972969   0.429606338  -0.000359620
    0.776086233   0.413342760   0.120070971  -0.000359620
   -0.179409497   0.169307406   0.014329295  -0.000359620
   -0.422085556   0.406883700   0.429760857  -0.000359480
    0.779979196   0.413651667   0.120210047  -0.000359480
   -0.178747602   0.168985552   0.014087983  -0.000359480
   -0.424950304   0.406972969   0.429606339  -0.000359480
    0.776086383   0.413342764   0.120070972  -0.000359480
   -0.179409352   0.169307407   0.014329295  -0.000359480
   -0.422085600   0.406883700   0.429760856  -0.000359520
    0.779979148   0.413651665   0.120210046  -0.000359520
   -0.178747648   0.168985552   0.014087984  -0.000359520
   -0.424950347   0.406972969   0.429606339  -0.000359520
    0.776086337   0.413342762   0.120070971  -0.000359520
   -0.179409400   0.169307406   0.014329295  -0.000359520
   -0.422085665   0.406883700   0.429760856  -0.000359590
    0.779979083   0.413651665   0.120210046  -0.000359590
   -0.178747711   0.168985552   0.014087983  -0.000359590
   -0.424950412   0.406972970   0.429606339  -0.000359590
    0.776086270   0.413342762   0.120070971  -0.000359590
   -0.179409459   0.169307407   0.014329295  -0.000359590
   -0.422085439   0.406883700   0.429760858  -0.000359360
    0.779979320   0.413651670   0.120210048  -0.000359360
   -0.178747488   0.168985552   0.014087983  -0.000359360
   -0.424950187   0.406972970   0.429606341  -0.000359360
    0.776086505   0.413342766   0.120070973  -0.000359360
   -0.179409236   0.169307407   0.014329295  -0.000359360
   -0.422085400   0.406883700   0.429760858  -0.000359320
    0.779979360   0.413651670   0.120210048  -0.000359320
   -0.178747448   0.168985552   0.014087983  -0.000359320
   -0.424950147   0.406972970   0.429606340  -0.000359320
    0.776086546   0.413342766   0.120070973  -0.000359320
   -0.179409198   0.169307406   0.014329295  -0.000359320
   -0.422085510   0.406883700   0.429760856  -0.000359430
    0.779979242   0.413651667   0.120210047  -0.000359430
   -0.178747558   0.168985552   0.014087983  -0.000359430
   -0.424950257   0.406972969   0.429606339  -0.000359430
    0.776086430   0.413342763   0.120070972  -0.000359430
   -0.179409310   0.169307406   0.014329295  -0.000359430
   -0.422085779   0.406883699   0.429760854  -0.000359700
    0.779978959   0.413651661   0.120210045  -0.000359700
   -0.178747831   0.168985552   0.014087983  -0.000359700
   -0.424950526   0.406972969   0.429606338  -0.000359700
    0.776086147   0.413342758   0.120070970  -0.000359700
   -0.179409578   0.169307407   0.014329295  -0.000359700
   -0.422085479   0.406883700   0.429760858  -0.000359400
    0.779979281   0.413651670   0.120210048  -0.000359400
   -0.178747527   0.168985552   0.014087983  -0.000359400
   -0.424950226   0.406972970   0.429606341  -0.000359400
    0.776086466   0.413342766   0.120070973  -0.000359400
   -0.179409275   0.169307407   0.014329295  -0.000359400
   -0.422085390   0.406883700   0.429760858  -0.000359310
    0.779979370   0.413651670   0.120210048  -0.000359310
   -0.178747439   0.168985552   0.014087983  -0.000359310
   -0.424950139   0.406972970   0.429606340  -0.000359310
    0.776086554   0.413342766   0.120070973  -0.000359310
   -0.179409190   0.169307406   0.014329295  -0.000359310
   -0.422085592   0.406883699   0.429760856  -0.000359510
    0.779979156   0.413651665   0.120210046  -0.000359510
   -0.178747643   0.168985552   0.014087984  -0.000359510
   -0.424950339   0.406972969   0.429606339  -0.000359510
    0.776086344   0.413342762   0.120070971  -0.000359510
   -0.179409395   0.169307406   0.014329295  -0.000359510
   -0.422085699   0.406883699   0.429760855  -0.000359620
    0.779979043   0.413651663   0.120210045  -0.000359620
   -0.178747751   0.168985551   0.014087983  -0.000359620
   -0.424950447   0.406972969   0.429606338  -0.000359620
    0.776086230   0.413342759   0.120070970  -0.000359620
   -0.179409498   0.169307407   0.014329295  -0.000359620
   -0.422085490   0.406883700   0.429760858  -0.000359410
    0.779979270   0.413651670   0.120210048  -0.000359410
   -0.178747539   0.168985551   0.014087983  -0.000359410
   -0.424950238   0.406972970   0.429606341  -0.000359410
    0.776086455   0.413342766   0.120070973  -0.000359410
   -0.179409288   0.169307407   0.014329295  -0.000359410
   -0.422085442   0.406883700   0.429760858  -0.000359360
    0.779979317   0.413651669   0.120210048  -0.000359360
   -0.178747493   0.168985551   0.014087983  -0.000359360
   -0.424950190   0.406972970   0.429606340  -0.000359360
    0.776086502   0.413342766   0.120070973  -0.000359360
   -0.179409243   0.169307406   0.014329295  -0.000359360
   -0.422085559   0.406883700   0.429760857  -0.000359480
    0.779979193   0.413651667   0.120210047  -0.000359480
   -0.178747606   0.168985552   0.014087983  -0.000359480
   -0.424950306   0.406972969   0.429606339  -0.000359480
    0.776086381   0.413342763   0.120070972  -0.000359480
   -0.179409357   0.169307406   0.014329295  -0.000359480
   -0.422085771   0.406883699   0.429760854  -0.000359690
    0.779978967   0.413651661   0.120210045  -0.000359690
   -0.178747824   0.168985552   0.014087984  -0.000359690
   -0.424950519   0.406972969   0.429606338  -0.000359690
    0.776086154   0.413342758   0.120070970  -0.000359690
   -0.179409573   0.169307406   0.014329295  -0.000359690
   -0.422085658   0.406883699   0.429760856  -0.000359580
    0.779979089   0.413651665   0.120210046  -0.000359580
   -0.178747707   0.168985552   0.014087983  -0.000359580
   -0.424950406   0.406972969   0.429606339  -0.000359580
    0.776086276   0.413342762   0.120070971  -0.000359580
   -0.179409457   0.169307406   0.014329295  -0.000359580
   -0.422085682   0.406883699   0.429760855  -0.000359600
    0.779979061   0.413651664   0.120210046  -0.000359600
   -0.178747733   0.168985552   0.014087984  -0.000359600
   -0.424950429   0.406972969   0.429606338  -0.000359600
    0.776086250   0.413342760   0.120070971  -0.000359600
   -0.179409485   0.169307406   0.014329295  -0.000359600
   -0.456410481   0.407622125   0.430213163  -0.036709280
    0.745668525   0.414213553   0.120298685  -0.036709280
   -0.205549064   0.169881197   0.014295780  -0.036709280
   -0.457624031   0.407532257   0.430109441  -0.036709280
    0.744454264   0.414124610   0.120276340  -0.036709280
   -0.207738065   0.169722260   0.014135907  -0.036709280
   -0.456410758   0.407622124   0.430213159  -0.036709570
    0.745668231   0.414213546   0.120298683  -0.036709570
   -0.205549334   0.169881198   0.014295780  -0.036709570
   -0.457624308   0.407532256   0.430109437  -0.036709570
    0.744453969   0.414124603   0.120276337  -0.036709570
   -0.207738333   0.169722261   0.014135907  -0.036709570
   -0.456410714   0.407622125   0.430213160  -0.036709530
    0.745668281   0.414213548   0.120298683  -0.036709530
   -0.205549284   0.169881198   0.014295779  -0.036709530
   -0.457624264   0.407532257   0.430109438  -0.036709530
    0.744454018   0.414124605   0.120276338  -0.036709530
   -0.207738284   0.169722261   0.014135907  -0.036709530
   -0.456410799   0.407622124   0.430213158  -0.036709610
    0.745668187   0.414213545   0.120298682  -0.036709610
   -0.205549376   0.169881198   0.014295780  -0.036709610
   -0.457624349   0.407532256   0.430109437  -0.036709610
    0.744453925   0.414124602   0.120276336  -0.036709610
   -0.207738375   0.169722261   0.014135908  -0.036709610
   -0.456410652   0.407622125   0.430213160  -0.036709470
    0.745668345   0.414213549   0.120298684  -0.036709470
   -0.205549222   0.169881198   0.014295779  -0.036709470
   -0.457624203   0.407532257   0.430109439  -0.036709470
    0.744454082   0.414124606   0.120276338  -0.036709470
   -0.207738221   0.169722261   0.014135907  -0.036709470
   -0.456410540   0.407622125   0.430213162  -0.036709350
    0.745668467   0.414213553   0.120298685  -0.036709350
   -0.205549113   0.169881198   0.014295779  -0.036709350
   -0.457624089   0.407532257   0.430109441  -0.036709350
    0.744454205   0.414124610   0.120276340  -0.036709350
   -0.207738113   0.169722261   0.014135907  -0.036709350
   -0.456410559   0.407622125   0.430213162  -0.036709370
    0.745668447   0.414213553   0.120298685  -0.036709370
   -0.205549132   0.169881198   0.014295779  -0.036709370
   -0.457624109   0.407532257   0.430109441  -0.036709370
    0.744454186   0.414124610   0.120276340  -0.036709370
   -0.207738132   0.169722261   0.014135907  -0.036709370
   -0.456410736   0.407622124   0.430213159  -0.036709550
    0.745668255   0.414213547   0.120298683  -0.036709550
   -0.205549309   0.169881198   0.014295780  -0.036709550
   -0.457624286   0.407532256   0.430109438  -0.036709550
    0.744453993   0.414124604   0.120276337  -0.036709550
   -0.207738308   0.169722261   0.014135907  -0.036709550
   -0.456410697   0.407622124   0.430213159  -0.036709510
    0.745668296   0.414213547   0.120298683  -0.036709510
   -0.205549271   0.169881198   0.014295780  -0.036709510
   -0.457624247   0.407532256   0.430109438  -0.036709510
    0.744454032   0.414124604   0.120276337  -0.036709510
   -0.207738270   0.169722261   0.014135907  -0.036709510
   -0.456410509   0.407622125   0.430213162  -0.036709320
    0.745668498   0.414213553   0.120298685  -0.036709320
   -0.205549081   0.169881198   0.014295779  -0.036709320
   -0.457624058   0.407532257   0.430109441  -0.036709320
    0.744454236   0.414124610   0.120276340  -0.036709320
   -0.207738082   0.169722261   0.014135907  -0.036709320
   -0.456410559   0.407622125   0.430213162  -0.036709370
    0.745668447   0.414213553   0.120298685  -0.036709370
   -0.205549133   0.169881198   0.014295779  -0.036709370
   -0.457624110   0.407532257   0.430109441  -0.036709370
    0.744454185   0.414124610   0.120276340  -0.036709370
   -0.207738133   0.169722261   0.014135907  -0.036709370
   -0.456410800   0.407622124   0.430213158  -0.036709610
    0.745668185   0.414213545   0.120298682  -0.036709610
   -0.205549379   0.169881198   0.014295780  -0.036709610
   -0.457624350   0.407532256   0.430109437  -0.036709610
    0.744453924   0.414124602   0.120276337  -0.036709610
   -0.207738377   0.169722261   0.014135908  -0.036709610
   -0.456410624   0.407622125   0.430213160  -0.036709440
    0.745668373   0.414213549   0.120298684  -0.036709440
   -0.205549195   0.169881198   0.014295779  -0.036709440
   -0.457624174   0.407532257   0.430109439  -0.036709440
    0.744454110   0.414124606   0.120276338  -0.036709440
   -0.207738194   0.169722261   0.014135907  -0.036709440
   -0.456410509   0.407622125   0.430213162  -0.036709320
    0.745668498   0.414213553   0.120298685  -0.036709320
   -0.205549082   0.169881198   0.014295779  -0.036709320
   -0.457624059   0.407532257   0.430109441  -0.036709320
    0.744454236   0.414124610   0.120276340  -0.036709320
   -0.207738083   0.169722261   0.014135907  -0.036709320
   -0.456410531   0.407622125   0.430213162  -0.036709340
    0.745668475   0.414213553   0.120298685  -0.036709340
   -0.205549105   0.169881198   0.014295780  -0.036709340
   -0.457624080   0.407532257   0.430109441  -0.036709340
    0.744454214   0.414124610   0.120276340  -0.036709340
   -0.207738105   0.169722261   0.014135907  -0.036709340
   -0.456410706   0.407622125   0.430213160  -0.036709520
    0.745668288   0.414213548   0.120298683  -0.036709520
   -0.205549278   0.169881198   0.014295780  -0.036709520
   -0.457624256   0.407532257   0.430109438  -0.036709520
    0.744454026   0.414124605   0.120276338  -0.036709520
   -0.207738278   0.169722261   0.014135907  -0.036709520
   -0.456410698   0.407622124   0.430213159  -0.036709510
    0.745668294   0.414213547   0.120298683  -0.036709510
   -0.205549274   0.169881198   0.014295780  -0.036709510
   -0.457624249   0.407532256   0.430109438  -0.036709510
    0.744454031   0.414124604   0.120276337  -0.036709510
   -0.207738273   0.169722261   0.014135907  -0.036709510
   -0.456410645   0.407622125   0.430213160  -0.036709460
    0.745668352   0.414213549   0.120298684  -0.036709460
   -0.205549217   0.169881198   0.014295779  -0.036709460
   -0.457624196   0.407532257   0.430109439  -0.036709460
    0.744454089   0.414124606   0.120276338  -0.036709460
   -0.207738216   0.169722261   0.014135907  -0.036709460
   -0.456410750   0.407622124   0.430213159  -0.036709560
    0.745668239   0.414213546   0.120298683  -0.036709560
   -0.205549328   0.169881198   0.014295780  -0.036709560
   -0.457624300   0.407532256   0.430109437  -0.036709560
    0.744453977   0.414124603   0.120276337  -0.036709560
   -0.207738326   0.169722261   0.014135908  -0.036709560
