   1   -0.00000000    0.00000003    0.51241448    2.83583351
   2   -0.00000000    0.00000003    0.51241448    2.83583351
   3   -0.00000000    0.00000003    0.51241448    2.83583351
   4   -0.00000000    0.00000003    0.51241448    2.83583351
   5   -0.00000000    0.00000003    0.51241448    2.83583351
   6   -0.00000000    0.00000003    0.51241448    2.83583351
   7   -0.00000000    0.00000003    0.51241448    2.83583351
   8   -0.00000000    0.00000003    0.51241448    2.83583351
   9   -0.00000000    0.00000003    0.51241448    2.83583351
  10   -0.00000000    0.00000003    0.51241448    2.83583351
  11   -0.00000000    0.00000003    0.51241448    2.83583351
  12   -0.00000000    0.00000003    0.51241448    2.83583351
  13   -0.00000000    0.00000003    0.51241448    2.83583351
  14   -0.00000000    0.00000003    0.51241448    2.83583351
  15   -0.00000000    0.00000003    0.51241448    2.83583351
  16   -0.00000000    0.00000003    0.51241448    2.83583351
  17   -0.00000000    0.00000003    0.51241448    2.83583351
  18   -0.00000000    0.00000003    0.51241448    2.83583351
  19   -0.00000000    0.00000003    0.51241448    2.83583351
  20   -0.00000000    0.00000003    0.12336022    2.83583351
  21   -0.00000000    0.00000003    0.12336022    2.83583351
  22   -0.00000000    0.00000003    0.12336022    2.83583351
  23   -0.00000000    0.00000003    0.12336022    2.83583351
  24   -0.00000000    0.00000003    0.12336022    2.83583351
  25   -0.00000000    0.00000003    0.12336022    2.83583351
  26   -0.00000000    0.00000003    0.12336022    2.83583351
  27   -0.00000000    0.00000003    0.12336022    2.83583351
  28   -0.00000000    0.00000003    0.12336022    2.83583351
  29   -0.00000000    0.00000003    0.12336022    2.83583351
  30   -0.00000000    0.00000003    0.12336022    2.83583351
  31   -0.00000000    0.00000003    0.12336022    2.83583351
  32   -0.00000000    0.00000003    0.12336022    2.83583351
  33   -0.00000000    0.00000003    0.12336022    2.83583351
  34   -0.00000000    0.00000003    0.12336022    2.83583351
  35   -0.00000000    0.00000003    0.12336022    2.83583351
  36   -0.00000000    0.00000003    0.12336022    2.83583351
  37   -0.00000000    0.00000003    0.12336022    2.83583351
  38   -0.00000000    0.00000003    0.12336022    2.83583351
  39   -0.00000000    0.00000003    0.09795952    2.83583351
  40   -0.00000000    0.00000003    0.09795952    2.83583351
  41   -0.00000000    0.00000003    0.09795952    2.83583351
  42   -0.00000000    0.00000003    0.09795952    2.83583351
  43   -0.00000000    0.00000003    0.09795952    2.83583351
  44   -0.00000000    0.00000003    0.09795952    2.83583351
  45   -0.00000000    0.00000003    0.09795952    2.83583351
  46   -0.00000000    0.00000003    0.09795952    2.83583351
  47   -0.00000000    0.00000003    0.09795952    2.83583351
  48   -0.00000000    0.00000003    0.09795952    2.83583351
  49   -0.00000000    0.00000003    0.09795952    2.83583351
  50   -0.00000000    0.00000003    0.09795952    2.83583351
  51   -0.00000000    0.00000003    0.09795952    2.83583351
  52   -0.00000000    0.00000003    0.09795952    2.83583351
  53   -0.00000000    0.00000003    0.09795952    2.83583351
  54   -0.00000000    0.00000003    0.09795952    2.83583351
  55   -0.00000000    0.00000003    0.09795952    2.83583351
  56   -0.00000000    0.00000003    0.09795952    2.83583351
  57   -0.00000000    0.00000003    0.09795952    2.83583351
  58   -0.00000000    0.00000003   -0.00035712    2.83583351
  59   -0.00000000    0.00000003   -0.00035712    2.83583351
  60   -0.00000000    0.00000003   -0.00035712    2.83583351
  61   -0.00000000    0.00000003   -0.00035712    2.83583351
  62   -0.00000000    0.00000003   -0.00035712    2.83583351
  63   -0.00000000    0.00000003   -0.00035712    2.83583351
  64   -0.00000000    0.00000003   -0.00035712    2.83583351
  65   -0.00000000    0.00000003   -0.00035712    2.83583351
  66   -0.00000000    0.00000003   -0.00035712    2.83583351
  67   -0.00000000    0.00000003   -0.00035712    2.83583351
  68   -0.00000000    0.00000003   -0.00035712    2.83583351
  69   -0.00000000    0.00000003   -0.00035712    2.83583351
  70   -0.00000000    0.00000003   -0.00035712    2.83583351
  71   -0.00000000    0.00000003   -0.00035712    2.83583351
  72   -0.00000000    0.00000003   -0.00035712    2.83583351
  73   -0.00000000    0.00000003   -0.00035712    2.83583351
  74   -0.00000000    0.00000003   -0.00035712    2.83583351
  75   -0.00000000    0.00000003   -0.00035712    2.83583351
  76   -0.00000000    0.00000003   -0.00035712    2.83583351
  77   -0.00000000    0.00000003   -0.03670596    2.83583351
  78   -0.00000000    0.00000003   -0.03670596    2.83583351
  79   -0.00000000    0.00000003   -0.03670596    2.83583351
  80   -0.00000000    0.00000003   -0.03670596    2.83583351
  81   -0.00000000    0.00000003   -0.03670596    2.83583351
  82   -0.00000000    0.00000003   -0.03670596    2.83583351
  83   -0.00000000    0.00000003   -0.03670596    2.83583351
  84   -0.00000000    0.00000003   -0.03670596    2.83583351
  85   -0.00000000    0.00000003   -0.03670596    2.83583351
  86   -0.00000000    0.00000003   -0.03670596    2.83583351
  87   -0.00000000    0.00000003   -0.03670596    2.83583351
  88   -0.00000000    0.00000003   -0.03670596    2.83583351
  89   -0.00000000    0.00000003   -0.03670596    2.83583351
  90   -0.00000000    0.00000003   -0.03670596    2.83583351
  91   -0.00000000    0.00000003   -0.03670596    2.83583351
  92   -0.00000000    0.00000003   -0.03670596    2.83583351
  93   -0.00000000    0.00000003   -0.03670596    2.83583351
  94   -0.00000000    0.00000003   -0.03670596    2.83583351
  95   -0.00000000    0.00000003   -0.03670596    2.83583351
 ATOM     Q0NEUTER      Q2NEUTER
   1    0.00000000    0.00000000
   1    0.00000000    0.00000000
   1    0.00000000    0.00000000
   1    0.00000000    0.00000000
   1    0.00000000    0.00000000
   1    0.00000000    0.00000000
 ATOM     Q0NEUTER      Q2NEUTER
   2    0.00000000    0.00000000
   2    0.00000000    0.00000000
   2    0.00000000    0.00000000
   2    0.00000000    0.00000000
   2    0.00000000    0.00000000
   2    0.00000000    0.00000000
 ATOM     Q0NEUTER      Q2NEUTER
   3    0.00000000    0.00000000
   3    0.00000000    0.00000000
   3    0.00000000    0.00000000
   3    0.00000000    0.00000000
   3    0.00000000    0.00000000
   3    0.00000000    0.00000000
 ATOM     Q0NEUTER      Q2NEUTER
   4    0.00000000    0.00000000
   4    0.00000000    0.00000000
   4    0.00000000    0.00000000
   4    0.00000000    0.00000000
   4    0.00000000    0.00000000
   4    0.00000000    0.00000000
 ATOM     Q0NEUTER      Q2NEUTER
   5    0.00000000    0.00000000
   5    0.00000000    0.00000000
   5    0.00000000    0.00000000
   5    0.00000000    0.00000000
   5    0.00000000    0.00000000
   5    0.00000000    0.00000000
 ATOM     Q0NEUTER      Q2NEUTER
   6    0.00000000    0.00000000
   6    0.00000000    0.00000000
   6    0.00000000    0.00000000
   6    0.00000000    0.00000000
   6    0.00000000    0.00000000
   6    0.00000000    0.00000000
 ATOM     Q0NEUTER      Q2NEUTER
   7    0.00000000    0.00000000
   7    0.00000000    0.00000000
   7    0.00000000    0.00000000
   7    0.00000000    0.00000000
   7    0.00000000    0.00000000
   7    0.00000000    0.00000000
 ATOM     Q0NEUTER      Q2NEUTER
   8    0.00000000    0.00000000
   8    0.00000000    0.00000000
   8    0.00000000    0.00000000
   8    0.00000000    0.00000000
   8    0.00000000    0.00000000
   8    0.00000000    0.00000000
 ATOM     Q0NEUTER      Q2NEUTER
   9    0.00000000    0.00000000
   9    0.00000000    0.00000000
   9    0.00000000    0.00000000
   9    0.00000000    0.00000000
   9    0.00000000    0.00000000
   9    0.00000000    0.00000000
 ATOM     Q0NEUTER      Q2NEUTER
  10    0.00000000    0.00000000
  10    0.00000000    0.00000000
  10    0.00000000    0.00000000
  10    0.00000000    0.00000000
  10    0.00000000    0.00000000
  10    0.00000000    0.00000000
 ATOM     Q0NEUTER      Q2NEUTER
  11    0.00000000    0.00000000
  11    0.00000000    0.00000000
  11    0.00000000    0.00000000
  11    0.00000000    0.00000000
  11    0.00000000    0.00000000
  11    0.00000000    0.00000000
 ATOM     Q0NEUTER      Q2NEUTER
  12    0.00000000    0.00000000
  12    0.00000000    0.00000000
  12    0.00000000    0.00000000
  12    0.00000000    0.00000000
  12    0.00000000    0.00000000
  12    0.00000000    0.00000000
 ATOM     Q0NEUTER      Q2NEUTER
  13    0.00000000    0.00000000
  13    0.00000000    0.00000000
  13    0.00000000    0.00000000
  13    0.00000000    0.00000000
  13    0.00000000    0.00000000
  13    0.00000000    0.00000000
 ATOM     Q0NEUTER      Q2NEUTER
  14    0.00000000    0.00000000
  14    0.00000000    0.00000000
  14    0.00000000    0.00000000
  14    0.00000000    0.00000000
  14    0.00000000    0.00000000
  14    0.00000000    0.00000000
 ATOM     Q0NEUTER      Q2NEUTER
  15    0.00000000    0.00000000
  15    0.00000000    0.00000000
  15    0.00000000    0.00000000
  15    0.00000000    0.00000000
  15    0.00000000    0.00000000
  15    0.00000000    0.00000000
 ATOM     Q0NEUTER      Q2NEUTER
  16    0.00000000    0.00000000
  16    0.00000000    0.00000000
  16    0.00000000    0.00000000
  16    0.00000000    0.00000000
  16    0.00000000    0.00000000
  16    0.00000000    0.00000000
 ATOM     Q0NEUTER      Q2NEUTER
  17    0.00000000    0.00000000
  17    0.00000000    0.00000000
  17    0.00000000    0.00000000
  17    0.00000000    0.00000000
  17    0.00000000    0.00000000
  17    0.00000000    0.00000000
 ATOM     Q0NEUTER      Q2NEUTER
  18    0.00000000    0.00000000
  18    0.00000000    0.00000000
  18    0.00000000    0.00000000
  18    0.00000000    0.00000000
  18    0.00000000    0.00000000
  18    0.00000000    0.00000000
 ATOM     Q0NEUTER      Q2NEUTER
  19    0.00000000    0.00000000
  19    0.00000000    0.00000000
  19    0.00000000    0.00000000
  19    0.00000000    0.00000000
  19    0.00000000    0.00000000
  19    0.00000000    0.00000000
 ATOM     Q0NEUTER	Q2NEUTER
  20    0.50000000    0.00000000
  20    0.50000000    0.00000000
  20    4.00000000    0.00000000
  20    0.50000000    0.00000000
  20    0.50000000    0.00000000
  20    4.00000000    0.00000000
 ATOM     Q0NEUTER	Q2NEUTER
  21    0.50000000    0.00000000
  21    0.50000000    0.00000000
  21    4.00000000    0.00000000
  21    0.50000000    0.00000000
  21    0.50000000    0.00000000
  21    4.00000000    0.00000000
 ATOM     Q0NEUTER	Q2NEUTER
  22    0.50000000    0.00000000
  22    0.50000000    0.00000000
  22    4.00000000    0.00000000
  22    0.50000000    0.00000000
  22    0.50000000    0.00000000
  22    4.00000000    0.00000000
 ATOM     Q0NEUTER	Q2NEUTER
  23    0.50000000    0.00000000
  23    0.50000000    0.00000000
  23    4.00000000    0.00000000
  23    0.50000000    0.00000000
  23    0.50000000    0.00000000
  23    4.00000000    0.00000000
 ATOM     Q0NEUTER	Q2NEUTER
  24    0.50000000    0.00000000
  24    0.50000000    0.00000000
  24    4.00000000    0.00000000
  24    0.50000000    0.00000000
  24    0.50000000    0.00000000
  24    4.00000000    0.00000000
 ATOM     Q0NEUTER	Q2NEUTER
  25    0.50000000    0.00000000
  25    0.50000000    0.00000000
  25    4.00000000    0.00000000
  25    0.50000000    0.00000000
  25    0.50000000    0.00000000
  25    4.00000000    0.00000000
 ATOM     Q0NEUTER	Q2NEUTER
  26    0.50000000    0.00000000
  26    0.50000000    0.00000000
  26    4.00000000    0.00000000
  26    0.50000000    0.00000000
  26    0.50000000    0.00000000
  26    4.00000000    0.00000000
 ATOM     Q0NEUTER	Q2NEUTER
  27    0.50000000    0.00000000
  27    0.50000000    0.00000000
  27    4.00000000    0.00000000
  27    0.50000000    0.00000000
  27    0.50000000    0.00000000
  27    4.00000000    0.00000000
 ATOM     Q0NEUTER	Q2NEUTER
  28    0.50000000    0.00000000
  28    0.50000000    0.00000000
  28    4.00000000    0.00000000
  28    0.50000000    0.00000000
  28    0.50000000    0.00000000
  28    4.00000000    0.00000000
 ATOM     Q0NEUTER	Q2NEUTER
  29    0.50000000    0.00000000
  29    0.50000000    0.00000000
  29    4.00000000    0.00000000
  29    0.50000000    0.00000000
  29    0.50000000    0.00000000
  29    4.00000000    0.00000000
 ATOM     Q0NEUTER	Q2NEUTER
  30    0.50000000    0.00000000
  30    0.50000000    0.00000000
  30    4.00000000    0.00000000
  30    0.50000000    0.00000000
  30    0.50000000    0.00000000
  30    4.00000000    0.00000000
 ATOM     Q0NEUTER	Q2NEUTER
  31    0.50000000    0.00000000
  31    0.50000000    0.00000000
  31    4.00000000    0.00000000
  31    0.50000000    0.00000000
  31    0.50000000    0.00000000
  31    4.00000000    0.00000000
 ATOM     Q0NEUTER	Q2NEUTER
  32    0.50000000    0.00000000
  32    0.50000000    0.00000000
  32    4.00000000    0.00000000
  32    0.50000000    0.00000000
  32    0.50000000    0.00000000
  32    4.00000000    0.00000000
 ATOM     Q0NEUTER	Q2NEUTER
  33    0.50000000    0.00000000
  33    0.50000000    0.00000000
  33    4.00000000    0.00000000
  33    0.50000000    0.00000000
  33    0.50000000    0.00000000
  33    4.00000000    0.00000000
 ATOM     Q0NEUTER	Q2NEUTER
  34    0.50000000    0.00000000
  34    0.50000000    0.00000000
  34    4.00000000    0.00000000
  34    0.50000000    0.00000000
  34    0.50000000    0.00000000
  34    4.00000000    0.00000000
 ATOM     Q0NEUTER	Q2NEUTER
  35    0.50000000    0.00000000
  35    0.50000000    0.00000000
  35    4.00000000    0.00000000
  35    0.50000000    0.00000000
  35    0.50000000    0.00000000
  35    4.00000000    0.00000000
 ATOM     Q0NEUTER	Q2NEUTER
  36    0.50000000    0.00000000
  36    0.50000000    0.00000000
  36    4.00000000    0.00000000
  36    0.50000000    0.00000000
  36    0.50000000    0.00000000
  36    4.00000000    0.00000000
 ATOM     Q0NEUTER	Q2NEUTER
  37    0.50000000    0.00000000
  37    0.50000000    0.00000000
  37    4.00000000    0.00000000
  37    0.50000000    0.00000000
  37    0.50000000    0.00000000
  37    4.00000000    0.00000000
 ATOM     Q0NEUTER	Q2NEUTER
  38    0.50000000    0.00000000
  38    0.50000000    0.00000000
  38    4.00000000    0.00000000
  38    0.50000000    0.00000000
  38    0.50000000    0.00000000
  38    4.00000000    0.00000000
 ATOM     Q0NEUTER	Q2NEUTER
  39    0.35000000    0.00000000
  39    0.35000000    0.00000000
  39    4.30000000    0.00000000
  39    0.35000000    0.00000000
  39    0.35000000    0.00000000
  39    2.30000000    0.00000000
 ATOM     Q0NEUTER	Q2NEUTER
  40    0.35000000    0.00000000
  40    0.35000000    0.00000000
  40    4.30000000    0.00000000
  40    0.35000000    0.00000000
  40    0.35000000    0.00000000
  40    2.30000000    0.00000000
 ATOM     Q0NEUTER	Q2NEUTER
  41    0.35000000    0.00000000
  41    0.35000000    0.00000000
  41    4.30000000    0.00000000
  41    0.35000000    0.00000000
  41    0.35000000    0.00000000
  41    2.30000000    0.00000000
 ATOM     Q0NEUTER	Q2NEUTER
  42    0.35000000    0.00000000
  42    0.35000000    0.00000000
  42    4.30000000    0.00000000
  42    0.35000000    0.00000000
  42    0.35000000    0.00000000
  42    2.30000000    0.00000000
 ATOM     Q0NEUTER	Q2NEUTER
  43    0.35000000    0.00000000
  43    0.35000000    0.00000000
  43    4.30000000    0.00000000
  43    0.35000000    0.00000000
  43    0.35000000    0.00000000
  43    2.30000000    0.00000000
 ATOM     Q0NEUTER	Q2NEUTER
  44    0.35000000    0.00000000
  44    0.35000000    0.00000000
  44    4.30000000    0.00000000
  44    0.35000000    0.00000000
  44    0.35000000    0.00000000
  44    2.30000000    0.00000000
 ATOM     Q0NEUTER	Q2NEUTER
  45    0.35000000    0.00000000
  45    0.35000000    0.00000000
  45    4.30000000    0.00000000
  45    0.35000000    0.00000000
  45    0.35000000    0.00000000
  45    2.30000000    0.00000000
 ATOM     Q0NEUTER	Q2NEUTER
  46    0.35000000    0.00000000
  46    0.35000000    0.00000000
  46    4.30000000    0.00000000
  46    0.35000000    0.00000000
  46    0.35000000    0.00000000
  46    2.30000000    0.00000000
 ATOM     Q0NEUTER	Q2NEUTER
  47    0.35000000    0.00000000
  47    0.35000000    0.00000000
  47    4.30000000    0.00000000
  47    0.35000000    0.00000000
  47    0.35000000    0.00000000
  47    2.30000000    0.00000000
 ATOM     Q0NEUTER	Q2NEUTER
  48    0.35000000    0.00000000
  48    0.35000000    0.00000000
  48    4.30000000    0.00000000
  48    0.35000000    0.00000000
  48    0.35000000    0.00000000
  48    2.30000000    0.00000000
 ATOM     Q0NEUTER	Q2NEUTER
  49    0.35000000    0.00000000
  49    0.35000000    0.00000000
  49    4.30000000    0.00000000
  49    0.35000000    0.00000000
  49    0.35000000    0.00000000
  49    2.30000000    0.00000000
 ATOM     Q0NEUTER	Q2NEUTER
  50    0.35000000    0.00000000
  50    0.35000000    0.00000000
  50    4.30000000    0.00000000
  50    0.35000000    0.00000000
  50    0.35000000    0.00000000
  50    2.30000000    0.00000000
 ATOM     Q0NEUTER	Q2NEUTER
  51    0.35000000    0.00000000
  51    0.35000000    0.00000000
  51    4.30000000    0.00000000
  51    0.35000000    0.00000000
  51    0.35000000    0.00000000
  51    2.30000000    0.00000000
 ATOM     Q0NEUTER	Q2NEUTER
  52    0.35000000    0.00000000
  52    0.35000000    0.00000000
  52    4.30000000    0.00000000
  52    0.35000000    0.00000000
  52    0.35000000    0.00000000
  52    2.30000000    0.00000000
 ATOM     Q0NEUTER	Q2NEUTER
  53    0.35000000    0.00000000
  53    0.35000000    0.00000000
  53    4.30000000    0.00000000
  53    0.35000000    0.00000000
  53    0.35000000    0.00000000
  53    2.30000000    0.00000000
 ATOM     Q0NEUTER	Q2NEUTER
  54    0.35000000    0.00000000
  54    0.35000000    0.00000000
  54    4.30000000    0.00000000
  54    0.35000000    0.00000000
  54    0.35000000    0.00000000
  54    2.30000000    0.00000000
 ATOM     Q0NEUTER	Q2NEUTER
  55    0.35000000    0.00000000
  55    0.35000000    0.00000000
  55    4.30000000    0.00000000
  55    0.35000000    0.00000000
  55    0.35000000    0.00000000
  55    2.30000000    0.00000000
 ATOM     Q0NEUTER	Q2NEUTER
  56    0.35000000    0.00000000
  56    0.35000000    0.00000000
  56    4.30000000    0.00000000
  56    0.35000000    0.00000000
  56    0.35000000    0.00000000
  56    2.30000000    0.00000000
 ATOM     Q0NEUTER	Q2NEUTER
  57    0.35000000    0.00000000
  57    0.35000000    0.00000000
  57    4.30000000    0.00000000
  57    0.35000000    0.00000000
  57    0.35000000    0.00000000
  57    2.30000000    0.00000000
 ATOM     Q0NEUTER	Q2NEUTER
  58    0.50000000    0.00000000
  58    0.50000000    0.00000000
  58    3.50000000    0.00000000
  58    0.50000000    0.00000000
  58    0.50000000    0.00000000
  58    3.50000000    0.00000000
 ATOM     Q0NEUTER	Q2NEUTER
  59    0.50000000    0.00000000
  59    0.50000000    0.00000000
  59    3.50000000    0.00000000
  59    0.50000000    0.00000000
  59    0.50000000    0.00000000
  59    3.50000000    0.00000000
 ATOM     Q0NEUTER	Q2NEUTER
  60    0.50000000    0.00000000
  60    0.50000000    0.00000000
  60    3.50000000    0.00000000
  60    0.50000000    0.00000000
  60    0.50000000    0.00000000
  60    3.50000000    0.00000000
 ATOM     Q0NEUTER	Q2NEUTER
  61    0.50000000    0.00000000
  61    0.50000000    0.00000000
  61    3.50000000    0.00000000
  61    0.50000000    0.00000000
  61    0.50000000    0.00000000
  61    3.50000000    0.00000000
 ATOM     Q0NEUTER	Q2NEUTER
  62    0.50000000    0.00000000
  62    0.50000000    0.00000000
  62    3.50000000    0.00000000
  62    0.50000000    0.00000000
  62    0.50000000    0.00000000
  62    3.50000000    0.00000000
 ATOM     Q0NEUTER	Q2NEUTER
  63    0.50000000    0.00000000
  63    0.50000000    0.00000000
  63    3.50000000    0.00000000
  63    0.50000000    0.00000000
  63    0.50000000    0.00000000
  63    3.50000000    0.00000000
 ATOM     Q0NEUTER	Q2NEUTER
  64    0.50000000    0.00000000
  64    0.50000000    0.00000000
  64    3.50000000    0.00000000
  64    0.50000000    0.00000000
  64    0.50000000    0.00000000
  64    3.50000000    0.00000000
 ATOM     Q0NEUTER	Q2NEUTER
  65    0.50000000    0.00000000
  65    0.50000000    0.00000000
  65    3.50000000    0.00000000
  65    0.50000000    0.00000000
  65    0.50000000    0.00000000
  65    3.50000000    0.00000000
 ATOM     Q0NEUTER	Q2NEUTER
  66    0.50000000    0.00000000
  66    0.50000000    0.00000000
  66    3.50000000    0.00000000
  66    0.50000000    0.00000000
  66    0.50000000    0.00000000
  66    3.50000000    0.00000000
 ATOM     Q0NEUTER	Q2NEUTER
  67    0.50000000    0.00000000
  67    0.50000000    0.00000000
  67    3.50000000    0.00000000
  67    0.50000000    0.00000000
  67    0.50000000    0.00000000
  67    3.50000000    0.00000000
 ATOM     Q0NEUTER	Q2NEUTER
  68    0.50000000    0.00000000
  68    0.50000000    0.00000000
  68    3.50000000    0.00000000
  68    0.50000000    0.00000000
  68    0.50000000    0.00000000
  68    3.50000000    0.00000000
 ATOM     Q0NEUTER	Q2NEUTER
  69    0.50000000    0.00000000
  69    0.50000000    0.00000000
  69    3.50000000    0.00000000
  69    0.50000000    0.00000000
  69    0.50000000    0.00000000
  69    3.50000000    0.00000000
 ATOM     Q0NEUTER	Q2NEUTER
  70    0.50000000    0.00000000
  70    0.50000000    0.00000000
  70    3.50000000    0.00000000
  70    0.50000000    0.00000000
  70    0.50000000    0.00000000
  70    3.50000000    0.00000000
 ATOM     Q0NEUTER	Q2NEUTER
  71    0.50000000    0.00000000
  71    0.50000000    0.00000000
  71    3.50000000    0.00000000
  71    0.50000000    0.00000000
  71    0.50000000    0.00000000
  71    3.50000000    0.00000000
 ATOM     Q0NEUTER	Q2NEUTER
  72    0.50000000    0.00000000
  72    0.50000000    0.00000000
  72    3.50000000    0.00000000
  72    0.50000000    0.00000000
  72    0.50000000    0.00000000
  72    3.50000000    0.00000000
 ATOM     Q0NEUTER	Q2NEUTER
  73    0.50000000    0.00000000
  73    0.50000000    0.00000000
  73    3.50000000    0.00000000
  73    0.50000000    0.00000000
  73    0.50000000    0.00000000
  73    3.50000000    0.00000000
 ATOM     Q0NEUTER	Q2NEUTER
  74    0.50000000    0.00000000
  74    0.50000000    0.00000000
  74    3.50000000    0.00000000
  74    0.50000000    0.00000000
  74    0.50000000    0.00000000
  74    3.50000000    0.00000000
 ATOM     Q0NEUTER	Q2NEUTER
  75    0.50000000    0.00000000
  75    0.50000000    0.00000000
  75    3.50000000    0.00000000
  75    0.50000000    0.00000000
  75    0.50000000    0.00000000
  75    3.50000000    0.00000000
 ATOM     Q0NEUTER	Q2NEUTER
  76    0.50000000    0.00000000
  76    0.50000000    0.00000000
  76    3.50000000    0.00000000
  76    0.50000000    0.00000000
  76    0.50000000    0.00000000
  76    3.50000000    0.00000000
 ATOM     Q0NEUTER	Q2NEUTER
  77    0.50000000    0.00000000
  77    0.50000000    0.00000000
  77    3.50000000    0.00000000
  77    0.50000000    0.00000000
  77    0.50000000    0.00000000
  77    3.50000000    0.00000000
 ATOM     Q0NEUTER	Q2NEUTER
  78    0.50000000    0.00000000
  78    0.50000000    0.00000000
  78    3.50000000    0.00000000
  78    0.50000000    0.00000000
  78    0.50000000    0.00000000
  78    3.50000000    0.00000000
 ATOM     Q0NEUTER	Q2NEUTER
  79    0.50000000    0.00000000
  79    0.50000000    0.00000000
  79    3.50000000    0.00000000
  79    0.50000000    0.00000000
  79    0.50000000    0.00000000
  79    3.50000000    0.00000000
 ATOM     Q0NEUTER	Q2NEUTER
  80    0.50000000    0.00000000
  80    0.50000000    0.00000000
  80    3.50000000    0.00000000
  80    0.50000000    0.00000000
  80    0.50000000    0.00000000
  80    3.50000000    0.00000000
 ATOM     Q0NEUTER	Q2NEUTER
  81    0.50000000    0.00000000
  81    0.50000000    0.00000000
  81    3.50000000    0.00000000
  81    0.50000000    0.00000000
  81    0.50000000    0.00000000
  81    3.50000000    0.00000000
 ATOM     Q0NEUTER	Q2NEUTER
  82    0.50000000    0.00000000
  82    0.50000000    0.00000000
  82    3.50000000    0.00000000
  82    0.50000000    0.00000000
  82    0.50000000    0.00000000
  82    3.50000000    0.00000000
 ATOM     Q0NEUTER	Q2NEUTER
  83    0.50000000    0.00000000
  83    0.50000000    0.00000000
  83    3.50000000    0.00000000
  83    0.50000000    0.00000000
  83    0.50000000    0.00000000
  83    3.50000000    0.00000000
 ATOM     Q0NEUTER	Q2NEUTER
  84    0.50000000    0.00000000
  84    0.50000000    0.00000000
  84    3.50000000    0.00000000
  84    0.50000000    0.00000000
  84    0.50000000    0.00000000
  84    3.50000000    0.00000000
 ATOM     Q0NEUTER	Q2NEUTER
  85    0.50000000    0.00000000
  85    0.50000000    0.00000000
  85    3.50000000    0.00000000
  85    0.50000000    0.00000000
  85    0.50000000    0.00000000
  85    3.50000000    0.00000000
 ATOM     Q0NEUTER	Q2NEUTER
  86    0.50000000    0.00000000
  86    0.50000000    0.00000000
  86    3.50000000    0.00000000
  86    0.50000000    0.00000000
  86    0.50000000    0.00000000
  86    3.50000000    0.00000000
 ATOM     Q0NEUTER	Q2NEUTER
  87    0.50000000    0.00000000
  87    0.50000000    0.00000000
  87    3.50000000    0.00000000
  87    0.50000000    0.00000000
  87    0.50000000    0.00000000
  87    3.50000000    0.00000000
 ATOM     Q0NEUTER	Q2NEUTER
  88    0.50000000    0.00000000
  88    0.50000000    0.00000000
  88    3.50000000    0.00000000
  88    0.50000000    0.00000000
  88    0.50000000    0.00000000
  88    3.50000000    0.00000000
 ATOM     Q0NEUTER	Q2NEUTER
  89    0.50000000    0.00000000
  89    0.50000000    0.00000000
  89    3.50000000    0.00000000
  89    0.50000000    0.00000000
  89    0.50000000    0.00000000
  89    3.50000000    0.00000000
 ATOM     Q0NEUTER	Q2NEUTER
  90    0.50000000    0.00000000
  90    0.50000000    0.00000000
  90    3.50000000    0.00000000
  90    0.50000000    0.00000000
  90    0.50000000    0.00000000
  90    3.50000000    0.00000000
 ATOM     Q0NEUTER	Q2NEUTER
  91    0.50000000    0.00000000
  91    0.50000000    0.00000000
  91    3.50000000    0.00000000
  91    0.50000000    0.00000000
  91    0.50000000    0.00000000
  91    3.50000000    0.00000000
 ATOM     Q0NEUTER	Q2NEUTER
  92    0.50000000    0.00000000
  92    0.50000000    0.00000000
  92    3.50000000    0.00000000
  92    0.50000000    0.00000000
  92    0.50000000    0.00000000
  92    3.50000000    0.00000000
 ATOM     Q0NEUTER	Q2NEUTER
  93    0.50000000    0.00000000
  93    0.50000000    0.00000000
  93    3.50000000    0.00000000
  93    0.50000000    0.00000000
  93    0.50000000    0.00000000
  93    3.50000000    0.00000000
 ATOM     Q0NEUTER	Q2NEUTER
  94    0.50000000    0.00000000
  94    0.50000000    0.00000000
  94    3.50000000    0.00000000
  94    0.50000000    0.00000000
  94    0.50000000    0.00000000
  94    3.50000000    0.00000000
 ATOM     Q0NEUTER	Q2NEUTER
  95    0.50000000    0.00000000
  95    0.50000000    0.00000000
  95    3.50000000    0.00000000
  95    0.50000000    0.00000000
  95    0.50000000    0.00000000
  95    3.50000000    0.00000000
