   -0.463535366   0.387532275   0.094709193  -0.517726151
    0.301050275   0.241609492   0.619735718  -0.672406836
   -0.210038078   0.168124246   0.075589532  -0.122680501
    0.251650477   0.037320346   0.007293156  -0.331217849
    0.310280697   0.235830480   0.424663310  -0.915141128
    0.407099312   0.125306852   0.523595968  -1.326000678
    0.158476044   0.034553501   0.251876187  -3.656903458
   -0.000001452  -0.000001462   0.006354626  -0.000247974
   -0.170789038   0.386551975   0.099717643  -0.517433245
    0.423592796   0.235422103   0.604938211  -0.686357080
   -0.160492525   0.134633335   0.004400045   0.243102452
    0.049598960   0.014723120   0.008222339  -0.073863608
   -0.265392544   0.366357259   0.130722453  -0.539682952
    0.315757331   0.242185488   0.561115816  -0.652640263
   -0.164694230   0.100540876   0.004653674   1.355761486
    0.009428766   0.004493981   0.010046189  -0.009502070
   -0.425366559   0.390548265   0.078495313  -0.511465707
    0.342302838   0.242177858   0.618147223  -0.670611628
   -0.179358490   0.167547414   0.071415334  -0.119167429
    0.251583192   0.037634072   0.007315864  -0.356354058
   -0.461079654   0.388080775   0.092790777  -0.516644508
    0.305772819   0.242191980   0.619340851  -0.670546432
   -0.206310679   0.168226216   0.077729201  -0.125331699
    0.251749779   0.037203383   0.007283484  -0.331144158
   -0.462678035   0.387622009   0.094215412  -0.517528416
    0.302177102   0.241679642   0.619644825  -0.672165271
   -0.209655041   0.168061930   0.076031293  -0.123446880
    0.251580157   0.037316628   0.007292077  -0.331455218
   -0.464844744   0.387762590   0.093842950  -0.517265255
    0.300500441   0.241810903   0.619595552  -0.671759227
   -0.210995658   0.168167049   0.075467605  -0.122173101
    0.251668731   0.037322323   0.007293242  -0.331519196
   -0.461251601   0.387163217   0.095805231  -0.518427440
    0.301737447   0.241222894   0.619947013  -0.673611398
   -0.209496796   0.167908107   0.075984042  -0.124016782
    0.251410611   0.037349467   0.007293885  -0.332875471
    0.310277844   0.235830631   0.424663126  -0.915140393
    0.407096924   0.125306968   0.523596232  -1.325999405
    0.158474392   0.034553617   0.251876960  -3.656891148
   -0.000001452  -0.000001462   0.006354626  -0.000247980
    0.310277516   0.235830637   0.424663119  -0.915140362
    0.407096613   0.125306973   0.523596242  -1.325999355
    0.158474153   0.034553624   0.251877010  -3.656890357
   -0.000001452  -0.000001462   0.006354626  -0.000247980
    0.310277619   0.235830635   0.424663121  -0.915140373
    0.407096711   0.125306972   0.523596239  -1.325999371
    0.158474223   0.034553622   0.251876993  -3.656890635
   -0.000001452  -0.000001462   0.006354626  -0.000247980
    0.310277575   0.235830639   0.424663116  -0.915140351
    0.407096689   0.125306976   0.523596250  -1.325999320
    0.158474229   0.034553626   0.251877023  -3.656890154
   -0.000001452  -0.000001462   0.006354626  -0.000247980
    0.310277578   0.235830635   0.424663121  -0.915140373
    0.407096664   0.125306971   0.523596238  -1.325999378
    0.158474183   0.034553622   0.251876993  -3.656890635
   -0.000001452  -0.000001462   0.006354626  -0.000247981
    0.310277758   0.235830629   0.424663128  -0.915140400
    0.407096832   0.125306967   0.523596229  -1.325999421
    0.158474306   0.034553617   0.251876958  -3.656891191
   -0.000001452  -0.000001462   0.006354626  -0.000247980
    0.310277792   0.235830630   0.424663126  -0.915140395
    0.407096875   0.125306969   0.523596232  -1.325999403
    0.158474352   0.034553618   0.251876964  -3.656891095
   -0.000001452  -0.000001462   0.006354626  -0.000247980
    0.310277657   0.235830637   0.424663119  -0.915140361
    0.407096765   0.125306974   0.523596246  -1.325999339
    0.158474281   0.034553624   0.251877006  -3.656890423
   -0.000001452  -0.000001462   0.006354626  -0.000247981
    0.310277482   0.235830636   0.424663120  -0.915140367
    0.407096572   0.125306972   0.523596239  -1.325999370
    0.158474112   0.034553624   0.251877006  -3.656890423
   -0.000001452  -0.000001462   0.006354626  -0.000247981
    0.310277740   0.235830630   0.424663127  -0.915140399
    0.407096812   0.125306967   0.523596229  -1.325999421
    0.158474286   0.034553617   0.251876958  -3.656891191
   -0.000001452  -0.000001462   0.006354626  -0.000247980
    0.310277794   0.235830631   0.424663126  -0.915140393
    0.407096883   0.125306970   0.523596235  -1.325999391
    0.158474357   0.034553618   0.251876965  -3.656891074
   -0.000001452  -0.000001462   0.006354626  -0.000247980
    0.310277595   0.235830640   0.424663116  -0.915140350
    0.407096712   0.125306976   0.523596250  -1.325999318
    0.158474246   0.034553626   0.251877022  -3.656890166
   -0.000001452  -0.000001462   0.006354626  -0.000247980
    0.310277565   0.235830634   0.424663123  -0.915140378
    0.407096651   0.125306970   0.523596236  -1.325999385
    0.158474167   0.034553621   0.251876990  -3.656890678
   -0.000001452  -0.000001462   0.006354626  -0.000247981
    0.310277752   0.235830630   0.424663126  -0.915140396
    0.407096826   0.125306967   0.523596229  -1.325999418
    0.158474296   0.034553617   0.251876958  -3.656891190
   -0.000001452  -0.000001462   0.006354626  -0.000247980
    0.310277773   0.235830631   0.424663126  -0.915140394
    0.407096856   0.125306969   0.523596232  -1.325999404
    0.158474325   0.034553617   0.251876961  -3.656891137
   -0.000001452  -0.000001462   0.006354626  -0.000247980
    0.310277643   0.235830636   0.424663120  -0.915140367
    0.407096751   0.125306974   0.523596246  -1.325999342
    0.158474255   0.034553622   0.251876997  -3.656890570
   -0.000001452  -0.000001462   0.006354626  -0.000247980
    0.310277504   0.235830639   0.424663117  -0.915140352
    0.407096613   0.125306976   0.523596249  -1.325999326
    0.158474149   0.034553625   0.251877016  -3.656890261
   -0.000001452  -0.000001462   0.006354626  -0.000247981
    0.310277610   0.235830638   0.424663118  -0.915140357
    0.407096716   0.125306975   0.523596246  -1.325999337
    0.158474231   0.034553624   0.251877006  -3.656890421
   -0.000001452  -0.000001462   0.006354626  -0.000247981
    0.310277564   0.235830639   0.424663117  -0.915140351
    0.407096680   0.125306976   0.523596250  -1.325999319
    0.158474216   0.034553626   0.251877022  -3.656890166
   -0.000001452  -0.000001462   0.006354626  -0.000247980
   -0.170788975   0.386551996   0.099717567  -0.517433202
    0.423592627   0.235422063   0.604938264  -0.686357215
   -0.160492469   0.134633333   0.004399978   0.243102715
    0.049598956   0.014723121   0.008222340  -0.073864027
   -0.170788942   0.386551995   0.099717570  -0.517433203
    0.423592664   0.235422064   0.604938264  -0.686357211
   -0.160492432   0.134633333   0.004399973   0.243102731
    0.049598956   0.014723121   0.008222340  -0.073864093
   -0.170789339   0.386552000   0.099717546  -0.517433192
    0.423592290   0.235422069   0.604938257  -0.686357194
   -0.160492854   0.134633332   0.004400003   0.243102631
    0.049598956   0.014723121   0.008222340  -0.073863706
   -0.170789215   0.386551998   0.099717555  -0.517433196
    0.423592398   0.235422065   0.604938261  -0.686357205
   -0.160492721   0.134633332   0.004399996   0.243102657
    0.049598956   0.014723121   0.008222340  -0.073863848
   -0.170789181   0.386551998   0.099717553  -0.517433196
    0.423592432   0.235422065   0.604938261  -0.686357205
   -0.160492686   0.134633332   0.004399989   0.243102679
    0.049598956   0.014723121   0.008222340  -0.073863875
   -0.170789339   0.386551998   0.099717554  -0.517433196
    0.423592288   0.235422068   0.604938258  -0.686357196
   -0.160492852   0.134633332   0.004400001   0.243102637
    0.049598956   0.014723121   0.008222340  -0.073863687
   -0.170789114   0.386551995   0.099717569  -0.517433203
    0.423592489   0.235422063   0.604938264  -0.686357213
   -0.160492615   0.134633333   0.004399993   0.243102667
    0.049598956   0.014723121   0.008222340  -0.073863876
   -0.170789017   0.386551995   0.099717570  -0.517433203
    0.423592588   0.235422063   0.604938263  -0.686357211
   -0.160492512   0.134633333   0.004399981   0.243102704
    0.049598956   0.014723121   0.008222340  -0.073864011
   -0.170789035   0.386551995   0.099717567  -0.517433202
    0.423592567   0.235422063   0.604938264  -0.686357213
   -0.160492529   0.134633333   0.004399978   0.243102715
    0.049598956   0.014723121   0.008222340  -0.073864029
   -0.170789392   0.386552000   0.099717545  -0.517433192
    0.423592239   0.235422069   0.604938257  -0.686357193
   -0.160492909   0.134633332   0.004400007   0.243102621
    0.049598956   0.014723121   0.008222340  -0.073863651
   -0.170789145   0.386551995   0.099717567  -0.517433202
    0.423592457   0.235422063   0.604938263  -0.686357213
   -0.160492649   0.134633333   0.004399994   0.243102662
    0.049598956   0.014723121   0.008222340  -0.073863846
   -0.170789034   0.386551995   0.099717568  -0.517433202
    0.423592567   0.235422063   0.604938264  -0.686357215
   -0.160492528   0.134633333   0.004399974   0.243102727
    0.049598956   0.014723121   0.008222340  -0.073864064
   -0.170789298   0.386551999   0.099717548  -0.517433193
    0.423592320   0.235422066   0.604938260  -0.686357201
   -0.160492810   0.134633332   0.004400001   0.243102642
    0.049598956   0.014723121   0.008222340  -0.073863759
   -0.170789080   0.386551994   0.099717572  -0.517433204
    0.423592523   0.235422063   0.604938264  -0.686357213
   -0.160492578   0.134633333   0.004399985   0.243102689
    0.049598956   0.014723121   0.008222340  -0.073863954
   -0.170788973   0.386551996   0.099717564  -0.517433201
    0.423592630   0.235422063   0.604938264  -0.686357212
   -0.160492466   0.134633333   0.004399976   0.243102720
    0.049598956   0.014723121   0.008222340  -0.073864084
   -0.170789003   0.386551995   0.099717570  -0.517433203
    0.423592601   0.235422063   0.604938264  -0.686357212
   -0.160492494   0.134633333   0.004399974   0.243102726
    0.049598956   0.014723121   0.008222340  -0.073864099
   -0.170789297   0.386552000   0.099717547  -0.517433193
    0.423592322   0.235422067   0.604938260  -0.686357201
   -0.160492807   0.134633332   0.004399999   0.243102647
    0.049598956   0.014723121   0.008222340  -0.073863755
   -0.170789141   0.386551996   0.099717563  -0.517433200
    0.423592466   0.235422064   0.604938263  -0.686357210
   -0.160492644   0.134633332   0.004399987   0.243102684
    0.049598956   0.014723121   0.008222340  -0.073863928
   -0.170789098   0.386551996   0.099717565  -0.517433201
    0.423592508   0.235422064   0.604938262  -0.686357212
   -0.160492597   0.134633333   0.004399981   0.243102706
    0.049598956   0.014723121   0.008222340  -0.073863995
   -0.265392098   0.366357227   0.130722537  -0.539683014
    0.315757397   0.242185398   0.561115945  -0.652640559
   -0.164694230   0.100540837   0.004653641   1.355761873
    0.009428763   0.004493982   0.010046191  -0.009501540
   -0.265392346   0.366357233   0.130722514  -0.539683002
    0.315757186   0.242185407   0.561115930  -0.652640529
   -0.164694488   0.100540840   0.004653671   1.355761595
    0.009428763   0.004493982   0.010046190  -0.009501550
   -0.265392191   0.366357227   0.130722540  -0.539683016
    0.315757297   0.242185396   0.561115947  -0.652640565
   -0.164694326   0.100540837   0.004653645   1.355761831
    0.009428763   0.004493982   0.010046191  -0.009501558
   -0.265392144   0.366357224   0.130722552  -0.539683023
    0.315757347   0.242185396   0.561115947  -0.652640564
   -0.164694281   0.100540837   0.004653640   1.355761877
    0.009428763   0.004493982   0.010046191  -0.009501549
   -0.265392374   0.366357235   0.130722504  -0.539682995
    0.315757154   0.242185406   0.561115931  -0.652640532
   -0.164694517   0.100540841   0.004653672   1.355761580
    0.009428763   0.004493981   0.010046190  -0.009501565
   -0.265392168   0.366357229   0.130722528  -0.539683009
    0.315757323   0.242185397   0.561115946  -0.652640561
   -0.164694301   0.100540838   0.004653646   1.355761821
    0.009428763   0.004493982   0.010046191  -0.009501559
   -0.265392064   0.366357228   0.130722534  -0.539683012
    0.315757430   0.242185397   0.561115945  -0.652640561
   -0.164694192   0.100540836   0.004653633   1.355761938
    0.009428763   0.004493982   0.010046191  -0.009501562
   -0.265392078   0.366357227   0.130722540  -0.539683016
    0.315757410   0.242185396   0.561115947  -0.652640566
   -0.164694217   0.100540835   0.004653632   1.355761952
    0.009428763   0.004493982   0.010046191  -0.009501541
   -0.265392472   0.366357244   0.130722466  -0.539682975
    0.315757095   0.242185416   0.561115914  -0.652640500
   -0.164694624   0.100540842   0.004653685   1.355761452
    0.009428763   0.004493981   0.010046190  -0.009501544
   -0.265392264   0.366357230   0.130722526  -0.539683008
    0.315757225   0.242185397   0.561115946  -0.652640563
   -0.164694404   0.100540839   0.004653656   1.355761728
    0.009428763   0.004493982   0.010046190  -0.009501588
   -0.265392055   0.366357228   0.130722533  -0.539683012
    0.315757437   0.242185397   0.561115945  -0.652640562
   -0.164694188   0.100540836   0.004653632   1.355761948
    0.009428763   0.004493982   0.010046191  -0.009501560
   -0.265392134   0.366357222   0.130722556  -0.539683025
    0.315757353   0.242185395   0.561115948  -0.652640568
   -0.164694278   0.100540835   0.004653631   1.355761959
    0.009428763   0.004493982   0.010046191  -0.009501546
   -0.265392441   0.366357246   0.130722454  -0.539682969
    0.315757125   0.242185416   0.561115913  -0.652640499
   -0.164694596   0.100540842   0.004653685   1.355761455
    0.009428763   0.004493981   0.010046190  -0.009501549
   -0.265392262   0.366357229   0.130722527  -0.539683009
    0.315757226   0.242185396   0.561115947  -0.652640563
   -0.164694402   0.100540838   0.004653650   1.355761791
    0.009428763   0.004493982   0.010046191  -0.009501587
   -0.265392167   0.366357229   0.130722529  -0.539683010
    0.315757323   0.242185397   0.561115946  -0.652640562
   -0.164694303   0.100540837   0.004653639   1.355761892
    0.009428763   0.004493982   0.010046191  -0.009501551
   -0.265392172   0.366357226   0.130722542  -0.539683018
    0.315757312   0.242185395   0.561115949  -0.652640568
   -0.164694317   0.100540835   0.004653635   1.355761930
    0.009428763   0.004493982   0.010046191  -0.009501557
   -0.265392462   0.366357244   0.130722465  -0.539682975
    0.315757103   0.242185415   0.561115914  -0.652640501
   -0.164694618   0.100540841   0.004653679   1.355761514
    0.009428763   0.004493981   0.010046190  -0.009501544
   -0.265392363   0.366357235   0.130722501  -0.539682995
    0.315757162   0.242185405   0.561115931  -0.652640534
   -0.164694516   0.100540839   0.004653662   1.355761677
    0.009428763   0.004493982   0.010046190  -0.009501557
   -0.265392316   0.366357232   0.130722515  -0.539683003
    0.315757210   0.242185405   0.561115931  -0.652640535
   -0.164694470   0.100540838   0.004653657   1.355761724
    0.009428763   0.004493982   0.010046190  -0.009501549
   -0.425368615   0.390548206   0.078495608  -0.511465830
    0.342300567   0.242177811   0.618147277  -0.670611780
   -0.179360404   0.167547433   0.071415015  -0.119166872
    0.251583196   0.037634083   0.007315865  -0.356352563
   -0.425368931   0.390548231   0.078495493  -0.511465779
    0.342300423   0.242177847   0.618147240  -0.670611667
   -0.179360728   0.167547433   0.071415027  -0.119166889
    0.251583203   0.037634083   0.007315865  -0.356351764
   -0.425368793   0.390548220   0.078495542  -0.511465801
    0.342300476   0.242177829   0.618147258  -0.670611723
   -0.179360582   0.167547434   0.071415016  -0.119166871
    0.251583200   0.037634083   0.007315865  -0.356352175
   -0.425368835   0.390548225   0.078495521  -0.511465791
    0.342300473   0.242177837   0.618147250  -0.670611697
   -0.179360629   0.167547433   0.071415029  -0.119166892
    0.251583201   0.037634083   0.007315865  -0.356352012
   -0.425368899   0.390548226   0.078495516  -0.511465789
    0.342300416   0.242177839   0.618147248  -0.670611692
   -0.179360691   0.167547434   0.071415015  -0.119166867
    0.251583202   0.037634083   0.007315865  -0.356351957
   -0.425368681   0.390548208   0.078495596  -0.511465825
    0.342300511   0.242177813   0.618147275  -0.670611774
   -0.179360468   0.167547433   0.071415011  -0.119166861
    0.251583196   0.037634083   0.007315865  -0.356352588
   -0.425368641   0.390548209   0.078495596  -0.511465825
    0.342300543   0.242177812   0.618147277  -0.670611778
   -0.179360428   0.167547433   0.071415016  -0.119166871
    0.251583196   0.037634083   0.007315865  -0.356352705
   -0.425368747   0.390548221   0.078495540  -0.511465800
    0.342300518   0.242177829   0.618147259  -0.670611725
   -0.179360539   0.167547433   0.071415026  -0.119166885
    0.251583200   0.037634083   0.007315865  -0.356352288
   -0.425369009   0.390548238   0.078495458  -0.511465764
    0.342300396   0.242177857   0.618147229  -0.670611633
   -0.179360811   0.167547433   0.071415028  -0.119166889
    0.251583205   0.037634083   0.007315865  -0.356351496
   -0.425368721   0.390548208   0.078495601  -0.511465827
    0.342300471   0.242177813   0.618147275  -0.670611774
   -0.179360507   0.167547433   0.071415010  -0.119166861
    0.251583197   0.037634083   0.007315865  -0.356352513
   -0.425368632   0.390548209   0.078495595  -0.511465824
    0.342300553   0.242177812   0.618147276  -0.670611778
   -0.179360419   0.167547433   0.071415017  -0.119166871
    0.251583196   0.037634083   0.007315865  -0.356352739
   -0.425368827   0.390548225   0.078495521  -0.511465792
    0.342300477   0.242177837   0.618147251  -0.670611699
   -0.179360623   0.167547433   0.071415034  -0.119166900
    0.251583201   0.037634082   0.007315865  -0.356352034
   -0.425368931   0.390548234   0.078495479  -0.511465773
    0.342300431   0.242177849   0.618147237  -0.670611662
   -0.179360731   0.167547433   0.071415023  -0.119166882
    0.251583204   0.037634083   0.007315865  -0.356351766
   -0.425368731   0.390548208   0.078495599  -0.511465826
    0.342300461   0.242177813   0.618147275  -0.670611773
   -0.179360519   0.167547433   0.071415011  -0.119166864
    0.251583196   0.037634083   0.007315865  -0.356352517
   -0.425368683   0.390548209   0.078495594  -0.511465824
    0.342300507   0.242177813   0.618147275  -0.670611775
   -0.179360473   0.167547433   0.071415018  -0.119166875
    0.251583196   0.037634083   0.007315865  -0.356352593
   -0.425368796   0.390548220   0.078495543  -0.511465801
    0.342300472   0.242177829   0.618147258  -0.670611723
   -0.179360587   0.167547433   0.071415023  -0.119166882
    0.251583200   0.037634083   0.007315865  -0.356352206
   -0.425369001   0.390548239   0.078495457  -0.511465763
    0.342300400   0.242177857   0.618147229  -0.670611636
   -0.179360805   0.167547433   0.071415032  -0.119166900
    0.251583205   0.037634083   0.007315865  -0.356351516
   -0.425368893   0.390548226   0.078495514  -0.511465789
    0.342300421   0.242177839   0.618147249  -0.670611693
   -0.179360687   0.167547433   0.071415024  -0.119166882
    0.251583202   0.037634083   0.007315865  -0.356351981
   -0.425368915   0.390548231   0.078495494  -0.511465780
    0.342300434   0.242177846   0.618147240  -0.670611671
   -0.179360714   0.167547433   0.071415036  -0.119166903
    0.251583203   0.037634082   0.007315865  -0.356351817
   -0.461082882   0.388080712   0.092791090  -0.516644640
    0.305769268   0.242191913   0.619340929  -0.670546652
   -0.206313741   0.168226233   0.077729046  -0.125331409
    0.251749779   0.037203387   0.007283485  -0.331142349
   -0.461083143   0.388080746   0.092790940  -0.516644571
    0.305769188   0.242191951   0.619340889  -0.670546530
   -0.206314011   0.168226234   0.077729036  -0.125331390
    0.251749788   0.037203387   0.007283485  -0.331141733
   -0.461083102   0.388080739   0.092790971  -0.516644585
    0.305769180   0.242191941   0.619340900  -0.670546562
   -0.206313961   0.168226235   0.077729027  -0.125331375
    0.251749787   0.037203387   0.007283485  -0.331141899
   -0.461083182   0.388080751   0.092790917  -0.516644561
    0.305769179   0.242191957   0.619340882  -0.670546510
   -0.206314053   0.168226234   0.077729040  -0.125331397
    0.251749789   0.037203387   0.007283485  -0.331141692
   -0.461083043   0.388080735   0.092790989  -0.516644594
    0.305769207   0.242191934   0.619340907  -0.670546584
   -0.206313898   0.168226235   0.077729022  -0.125331365
    0.251749785   0.037203388   0.007283485  -0.331141997
   -0.461082939   0.388080718   0.092791066  -0.516644628
    0.305769219   0.242191915   0.619340928  -0.670546645
   -0.206313790   0.168226235   0.077729028  -0.125331376
    0.251749781   0.037203387   0.007283485  -0.331142442
   -0.461082958   0.388080718   0.092791068  -0.516644629
    0.305769201   0.242191915   0.619340928  -0.670546645
   -0.206313809   0.168226235   0.077729027  -0.125331376
    0.251749781   0.037203388   0.007283485  -0.331142415
   -0.461083122   0.388080745   0.092790942  -0.516644573
    0.305769194   0.242191948   0.619340892  -0.670546540
   -0.206313986   0.168226235   0.077729032  -0.125331383
    0.251749788   0.037203387   0.007283485  -0.331141854
   -0.461083085   0.388080741   0.092790962  -0.516644582
    0.305769214   0.242191944   0.619340897  -0.670546551
   -0.206313948   0.168226234   0.077729031  -0.125331383
    0.251749787   0.037203387   0.007283485  -0.331141833
   -0.461082908   0.388080718   0.092791068  -0.516644629
    0.305769245   0.242191914   0.619340929  -0.670546649
   -0.206313758   0.168226235   0.077729028  -0.125331376
    0.251749781   0.037203387   0.007283485  -0.331142493
   -0.461082958   0.388080718   0.092791067  -0.516644628
    0.305769201   0.242191915   0.619340927  -0.670546645
   -0.206313810   0.168226235   0.077729027  -0.125331376
    0.251749781   0.037203388   0.007283485  -0.331142444
   -0.461083183   0.388080751   0.092790914  -0.516644560
    0.305769179   0.242191958   0.619340882  -0.670546509
   -0.206314056   0.168226234   0.077729042  -0.125331401
    0.251749789   0.037203387   0.007283485  -0.331141682
   -0.461083014   0.388080736   0.092790984  -0.516644591
    0.305769234   0.242191934   0.619340907  -0.670546585
   -0.206313872   0.168226235   0.077729024  -0.125331368
    0.251749785   0.037203388   0.007283485  -0.331142039
   -0.461082908   0.388080718   0.092791066  -0.516644628
    0.305769245   0.242191914   0.619340929  -0.670546648
   -0.206313759   0.168226235   0.077729028  -0.125331376
    0.251749781   0.037203387   0.007283485  -0.331142506
   -0.461082929   0.388080718   0.092791064  -0.516644628
    0.305769229   0.242191915   0.619340927  -0.670546645
   -0.206313782   0.168226235   0.077729030  -0.125331379
    0.251749781   0.037203387   0.007283485  -0.331142453
   -0.461083094   0.388080739   0.092790970  -0.516644585
    0.305769187   0.242191941   0.619340900  -0.670546563
   -0.206313955   0.168226235   0.077729030  -0.125331379
    0.251749786   0.037203387   0.007283485  -0.331141902
   -0.461083086   0.388080741   0.092790962  -0.516644582
    0.305769212   0.242191944   0.619340897  -0.670546552
   -0.206313951   0.168226234   0.077729032  -0.125331383
    0.251749787   0.037203387   0.007283485  -0.331141848
   -0.461083036   0.388080735   0.092790989  -0.516644593
    0.305769213   0.242191934   0.619340907  -0.670546584
   -0.206313894   0.168226235   0.077729025  -0.125331372
    0.251749785   0.037203388   0.007283485  -0.331142023
   -0.461083136   0.388080746   0.092790941  -0.516644572
    0.305769193   0.242191951   0.619340890  -0.670546531
   -0.206314005   0.168226234   0.077729039  -0.125331397
    0.251749788   0.037203387   0.007283485  -0.331141758
