   < Ir >  77.0       2.835834     2 2 0  T T     609  0.020
     68.0   9.0      -0.003312      -0.844967      -0.000057
  -21922.267595      -2.828717       0.000000       2.550000
   40349.857801  -75309.063211    -676.361688  -35635.567097811
--------- END OF GENERAL DATA ----------
  6.6973026448  0.4167331740  0.0000000000  0.0122453519    0
  6.3775056679  0.5173747380  0.0000000000  0.0140258507    0
  5.8468061694  3.5632690556  0.0000000000  0.1059870227    0
  6.6968937964  0.4163682423  0.0000000000  0.0121457876    0
  6.3772291896  0.5169990745  0.0000000000  0.0139817150    0
  5.8470765378  3.5659440848  0.0000000000  0.1065194077    0
--------- END OF START DATA ------------
 -0.5568934470 -0.4578486973  0.4074909213  0.4302298810  4.6025443406 -0.8438001551
 -0.3174677226  0.7444839269  0.4141922661  0.1203149794  6.6995031183 -0.6813966536
 -0.2856863339 -0.2089346633  0.1696542751  0.0142337699  1.3617862096 -2.2310553200
 -0.5575817021 -0.4578406925  0.4074890860  0.4302451637  4.6035408399 -0.8437749710
 -0.3180149937  0.7445394793  0.4142051984  0.1203208077  6.7001820739 -0.6813610942
 -0.2854339397 -0.2090394592  0.1696369352  0.0142180625  1.3614196462 -2.2329802653
--------- END OF POT PARAMETERS --------
