   < Ir >  77.0       2.835834     2 2 0  T T     609  0.020
     68.0   9.0       0.003025      -0.848112       0.000015
  -21922.285484      -2.840099       0.000000       2.550000
   40349.883091  -75309.078087    -676.369765  -35635.564761235
--------- END OF GENERAL DATA ----------
  6.6975604248  0.4167636813  0.0000000000  0.0121169540    0
  6.3778533516  0.5173409886  0.0000000000  0.0139062278    0
  5.8473218648  3.5692107860  0.0000000000  0.1065467807    0
  6.6975602862  0.4167487537  0.0000000000  0.0121145080    0
  6.3779123231  0.5174615186  0.0000000000  0.0139229694    0
  5.8470887170  3.5654993970  0.0000000000  0.1062785927    0
--------- END OF START DATA ------------
 -0.5586876939 -0.4600570447  0.4075455429  0.4302289018  4.6031454404 -0.8461128487
 -0.3190951112  0.7422542360  0.4142151172  0.1203145674  6.6989972768 -0.6837885253
 -0.2864632633 -0.2102933631  0.1697319967  0.0142012270  1.3618124936 -2.2389051773
 -0.5586191915 -0.4599853572  0.4075517543  0.4302298959  4.6032854909 -0.8460520365
 -0.3189273006  0.7423090881  0.4142160465  0.1203138533  6.6989263651 -0.6837485291
 -0.2866059247 -0.2101276246  0.1697464282  0.0142144527  1.3621180459 -2.2371966012
--------- END OF POT PARAMETERS --------
