   < Ir >  77.0       2.835834     2 2 0  T T     609  0.020
     68.0   9.0      -0.015353      -0.841689       0.000006
  -21922.339525      -2.824355       0.000000       2.550000
   40349.816405  -75309.036989    -676.348120  -35635.568703846
--------- END OF GENERAL DATA ----------
  6.6962383774  0.4154447136  0.0000000000  0.0120018827    0
  6.3762345129  0.5155680423  0.0000000000  0.0138208577    0
  5.8467339252  3.5612623292  0.0000000000  0.1059134934    0
  6.6962696094  0.4154793314  0.0000000000  0.0120111142    0
  6.3762575197  0.5156061461  0.0000000000  0.0138253882    0
  5.8467269264  3.5612865729  0.0000000000  0.1058930851    0
--------- END OF START DATA ------------
 -0.5570568324 -0.4562444456  0.4073978791  0.4302562871  4.6032012176 -0.8419960230
 -0.3182095659  0.7462660616  0.4141900610  0.1203319463  6.7019189778 -0.6793984163
 -0.2854808382 -0.2087739643  0.1695054065  0.0142436828  1.3609211996 -2.2259426826
 -0.5570102991 -0.4562510805  0.4073977147  0.4302550762  4.6031185829 -0.8420034317
 -0.3181683486  0.7462559091  0.4141887329  0.1203314219  6.7018575181 -0.6794056378
 -0.2854928798 -0.2087766855  0.1695059694  0.0142441053  1.3609318236 -2.2258989800
--------- END OF POT PARAMETERS --------
