 CONTINUED FRACTION COEFFICIENTS A(I),B2(I),I=1, 22
  0.4719831321E+00  0.1000000000E+01
  0.1744989275E+00  0.2873337943E-01
  0.1981858149E+00  0.7100197430E-01
  0.2355731466E+00  0.1202242212E+00
  0.1116584989E+00  0.1430884357E+00
  0.1239986307E+00  0.1411959106E+00
  0.1156508136E+00  0.1489606276E+00
  0.2589162377E-01  0.2301321325E+00
  0.1551213896E+00  0.2224919466E+00
  0.1111098816E+00  0.2662935023E+00
  0.1111311945E+00  0.1958962785E+00
  0.1003889398E+00  0.2926475521E+00
  0.9958910729E-01  0.2488433791E+00
  0.7501584683E-01  0.1829110875E+00
  0.8992486565E-01  0.2694271001E+00
  0.8786940941E-01  0.2545235938E+00
  0.1595153391E+00  0.2224686339E+00
  0.4731589771E-01  0.2532516283E+00
  0.8403075588E-01  0.2266827826E+00
  0.1107718377E+00  0.2684301684E+00
  0.7475107410E-01  0.2033674229E+00
  0.0000000000E+00  0.2576652042E+00
 CONTINUED FRACTION COEFFICIENTS A(I),B2(I),I=1, 22
  0.4336507814E+00  0.1000000000E+01
  0.2218806962E+00  0.1146124485E-01
  0.2046914767E+00  0.9043776674E-01
  0.2901993129E+00  0.1065613352E+00
  0.1270203485E+00  0.1338658165E+00
  0.1351878117E+00  0.1394759980E+00
  0.1401618039E+00  0.1659853374E+00
  0.1666809916E-01  0.1917537267E+00
  0.1199657803E+00  0.2282720474E+00
  0.6178086989E-01  0.2382445651E+00
  0.1834270241E+00  0.2082344143E+00
  0.7883804153E-01  0.2773472950E+00
  0.1148962360E+00  0.2705516572E+00
  0.9529253637E-01  0.1990151507E+00
  0.4192230177E-01  0.2295559662E+00
  0.1036958218E+00  0.2610154701E+00
  0.1267514437E+00  0.2333718847E+00
  0.1004248651E+00  0.2324568651E+00
  0.9212642854E-01  0.2616591322E+00
  0.6680876979E-01  0.2454057400E+00
  0.1106679237E+00  0.2152957750E+00
  0.0000000000E+00  0.2449944414E+00
 CONTINUED FRACTION COEFFICIENTS A(I),B2(I),I=1, 22
  0.4336500601E+00  0.1000000000E+01
  0.2245524867E+00  0.1146124485E-01
  0.2023796132E+00  0.8913459074E-01
  0.2778510215E+00  0.1039361633E+00
  0.1186144220E+00  0.1332721859E+00
  0.1308971397E+00  0.1364582102E+00
  0.1374936284E+00  0.1632388894E+00
  0.1577938591E-01  0.1936997716E+00
  0.1296671614E+00  0.2288329822E+00
  0.7671333552E-01  0.2466148905E+00
  0.1828172715E+00  0.2111759743E+00
  0.6547218149E-01  0.2740025169E+00
  0.1102128791E+00  0.2638466445E+00
  0.9331156488E-01  0.1971848782E+00
  0.4789924041E-01  0.2325901479E+00
  0.1136237723E+00  0.2640450421E+00
  0.1287065285E+00  0.2370815459E+00
  0.9403040880E-01  0.2322053108E+00
  0.8134730433E-01  0.2548516384E+00
  0.6430527306E-01  0.2432497125E+00
  0.1193655613E+00  0.2152425137E+00
  0.0000000000E+00  0.2524839659E+00
 CONTINUED FRACTION COEFFICIENTS A(I),B2(I),I=1, 22
  0.4336493389E+00  0.1000000000E+01
  0.2272242772E+00  0.1146124485E-01
  0.2001535815E+00  0.8781714558E-01
  0.2644878394E+00  0.1012138171E+00
  0.1073241729E+00  0.1321070090E+00
  0.1213733592E+00  0.1319691883E+00
  0.1316977485E+00  0.1584462301E+00
  0.1891988626E-01  0.1968715208E+00
  0.1496540007E+00  0.2327030125E+00
  0.9366516892E-01  0.2593686542E+00
  0.1697173697E+00  0.2115662837E+00
  0.4497883458E-01  0.2645566050E+00
  0.1119376518E+00  0.2565542167E+00
  0.1042099865E+00  0.1998771228E+00
  0.6244577287E-01  0.2418384997E+00
  0.1153252607E+00  0.2678927189E+00
  0.1151493193E+00  0.2332845856E+00
  0.8643917694E-01  0.2277603709E+00
  0.8543652508E-01  0.2520733329E+00
  0.7173117936E-01  0.2487016757E+00
  0.1258779165E+00  0.2172509325E+00
  0.0000000000E+00  0.2547419355E+00
 CONTINUED FRACTION COEFFICIENTS A(I),B2(I),I=1, 22
  0.1494461866E+00  0.1000000000E+01
  0.2831836500E+00  0.8606246120E-03
  0.1904263091E+00  0.1113483044E+00
  0.3040361090E+00  0.8338824661E-01
  0.1957075355E+00  0.1202954259E+00
  0.1712244181E+00  0.1286283262E+00
  0.1329373345E+00  0.1577061755E+00
  0.5458113945E-01  0.1819375015E+00
  0.9655099927E-01  0.2084143682E+00
 -0.4698463400E-02  0.2146663768E+00
  0.1624960295E+00  0.2118082081E+00
  0.1046379655E+00  0.2334352664E+00
  0.1248860544E+00  0.2879583796E+00
  0.1024906255E+00  0.2385211792E+00
  0.1019709312E+00  0.2125254037E+00
  0.5006639672E-01  0.2604281062E+00
  0.7935020041E-01  0.2262952884E+00
  0.1440669307E+00  0.2293406835E+00
  0.8803112813E-01  0.2553273534E+00
  0.9115801412E-01  0.2561004726E+00
  0.9241135565E-01  0.2334790777E+00
  0.0000000000E+00  0.2262425214E+00
 CONTINUED FRACTION COEFFICIENTS A(I),B2(I),I=1, 22
  0.1498359470E+00  0.1000000000E+01
  0.2900537305E+00  0.1008127146E-02
  0.1789248763E+00  0.1015257130E+00
  0.3229420241E+00  0.9428955558E-01
  0.1687117353E+00  0.1258879393E+00
  0.1470367129E+00  0.1279272071E+00
  0.1395626060E+00  0.1626747421E+00
  0.5214657205E-01  0.1837028360E+00
  0.7336081389E-01  0.2114182425E+00
  0.3775394846E-01  0.2197364298E+00
  0.2014891529E+00  0.2316423531E+00
  0.7925211859E-01  0.2383657069E+00
  0.1290621601E+00  0.2872044533E+00
  0.7802155106E-01  0.2257181055E+00
  0.8214083896E-01  0.2024221299E+00
  0.6979425551E-01  0.2674908869E+00
  0.1029881974E+00  0.2355776230E+00
  0.1396506374E+00  0.2293168352E+00
  0.8126832665E-01  0.2582399916E+00
  0.7482201477E-01  0.2498047011E+00
  0.8701151387E-01  0.2241926586E+00
  0.0000000000E+00  0.2288272454E+00
 CONTINUED FRACTION COEFFICIENTS A(I),B2(I),I=1, 22
  0.1490542483E+00  0.1000000000E+01
  0.2821461240E+00  0.7128171204E-03
  0.2141721845E+00  0.1240806377E+00
  0.2663381124E+00  0.6887531676E-01
  0.2279366103E+00  0.1140112254E+00
  0.1911896481E+00  0.1174420417E+00
  0.1352925786E+00  0.1322830125E+00
  0.5436432433E-01  0.1764882933E+00
  0.1397138038E+00  0.2026358694E+00
 -0.2384767895E-01  0.1973324321E+00
  0.1249812545E+00  0.1964096873E+00
  0.1281433860E+00  0.2291262841E+00
  0.9423724090E-01  0.2565961709E+00
  0.1264085800E+00  0.2413240707E+00
  0.1129340766E+00  0.2249083557E+00
  0.5523150796E-01  0.2453939831E+00
  0.8377799956E-01  0.2256265379E+00
  0.1272430659E+00  0.2345250820E+00
  0.8278535384E-01  0.2353372531E+00
  0.1131273358E+00  0.2613734473E+00
  0.9383930260E-01  0.2347114391E+00
  0.0000000000E+00  0.2252814145E+00
 CONTINUED FRACTION COEFFICIENTS A(I),B2(I),I=1, 22
  0.1498344951E+00  0.1000000000E+01
  0.2954270941E+00  0.1008127145E-02
  0.1791845228E+00  0.9883294481E-01
  0.3086199555E+00  0.9080376797E-01
  0.1629802362E+00  0.1271282461E+00
  0.1508644201E+00  0.1284237769E+00
  0.1519110808E+00  0.1629754679E+00
  0.5980875051E-01  0.1879127906E+00
  0.6996830394E-01  0.2135127019E+00
  0.1895487233E-01  0.2156691814E+00
  0.1868884789E+00  0.2203550861E+00
  0.7021443924E-01  0.2348890323E+00
  0.1401141679E+00  0.2878072052E+00
  0.8637732500E-01  0.2296015096E+00
  0.8350320154E-01  0.2064342118E+00
  0.6323534029E-01  0.2647991708E+00
  0.9516190832E-01  0.2317581788E+00
  0.1375641209E+00  0.2269880393E+00
  0.8803764975E-01  0.2596434085E+00
  0.8113605483E-01  0.2535403409E+00
  0.8580954607E-01  0.2258856029E+00
  0.0000000000E+00  0.2277081981E+00
 CONTINUED FRACTION COEFFICIENTS A(I),B2(I),I=1, 22
  0.1494432827E+00  0.1000000000E+01
  0.2937395993E+00  0.8606246099E-03
  0.1981891407E+00  0.1088070612E+00
  0.2908486778E+00  0.8200775133E-01
  0.1769569156E+00  0.1202900434E+00
  0.1626922442E+00  0.1244204916E+00
  0.1309466546E+00  0.1550406781E+00
  0.6205373229E-01  0.1825435259E+00
  0.1022107540E+00  0.2097725992E+00
  0.7726773474E-02  0.2245172253E+00
  0.1883215867E+00  0.2167958650E+00
  0.9637609578E-01  0.2395000939E+00
  0.1107287492E+00  0.2829375642E+00
  0.9072651284E-01  0.2275792198E+00
  0.9938907239E-01  0.2124396070E+00
  0.6209964338E-01  0.2628032102E+00
  0.8642861242E-01  0.2296365872E+00
  0.1485865967E+00  0.2361998439E+00
  0.8283204531E-01  0.2510668883E+00
  0.7914642069E-01  0.2533458035E+00
  0.9120729351E-01  0.2286403616E+00
  0.0000000000E+00  0.2295330418E+00
 CONTINUED FRACTION COEFFICIENTS A(I),B2(I),I=1, 22
  0.2924511881E+00  0.1000000000E+01
  0.6382396416E-01  0.1702357406E+00
  0.2079604094E+00  0.7327841936E-01
  0.1617484078E+00  0.1685479700E+00
  0.7478861683E-01  0.1456614096E+00
  0.7020407625E-01  0.1773029895E+00
  0.9722083830E-01  0.2327977581E+00
  0.1008955500E+00  0.2369418345E+00
  0.1711399385E+00  0.2357031085E+00
  0.6609101096E-01  0.2342141922E+00
  0.1025435353E+00  0.2859681936E+00
  0.1243760718E+00  0.1995350939E+00
  0.3558944097E-01  0.2307282097E+00
  0.1226017831E+00  0.2655570356E+00
  0.1052173781E+00  0.2289030426E+00
  0.1090477942E+00  0.2438611857E+00
  0.8271567507E-01  0.2455560948E+00
  0.6414224637E-01  0.2390277052E+00
  0.1148434226E+00  0.2376025822E+00
  0.1050633287E+00  0.2295539345E+00
  0.6138875473E-01  0.2628934687E+00
  0.0000000000E+00  0.2357069694E+00
 CONTINUED FRACTION COEFFICIENTS A(I),B2(I),I=1, 22
  0.6165908167E+00  0.1000000000E+01
  0.1408104032E+00  0.9364330415E-01
  0.2437424585E+00  0.1014108918E+00
  0.2253392985E+00  0.1414141899E+00
  0.1036620703E+00  0.1499460300E+00
  0.1010332610E+00  0.1765866756E+00
  0.5642459552E-01  0.2060582080E+00
  0.5993119119E-01  0.2171698892E+00
  0.1660783582E+00  0.2290762617E+00
  0.1389824110E+00  0.2596149752E+00
  0.6849239457E-01  0.2530250610E+00
  0.1146971055E+00  0.2451373948E+00
  0.9399830074E-01  0.2086711989E+00
  0.4094331460E-01  0.2591268511E+00
  0.1092236810E+00  0.2194833585E+00
  0.1389327869E+00  0.2512424377E+00
  0.8691521836E-01  0.2525121792E+00
  0.7716450110E-01  0.2417337285E+00
  0.8865071979E-01  0.2306211860E+00
  0.9522359191E-01  0.2413555121E+00
  0.6932237517E-01  0.2318276751E+00
  0.0000000000E+00  0.2542309106E+00
 CONTINUED FRACTION COEFFICIENTS A(I),B2(I),I=1, 22
  0.5917338212E+00  0.1000000000E+01
  0.1438394577E+00  0.9364330415E-01
  0.2394766060E+00  0.1003010680E+00
  0.2154978912E+00  0.1391690804E+00
  0.1077855557E+00  0.1492660867E+00
  0.9972532551E-01  0.1739411752E+00
  0.5603093609E-01  0.2090027355E+00
  0.5773641383E-01  0.2164541717E+00
  0.1537388354E+00  0.2247254629E+00
  0.1404370835E+00  0.2573610997E+00
  0.7122974565E-01  0.2543732404E+00
  0.1129672160E+00  0.2460312862E+00
  0.9072557109E-01  0.2068630340E+00
  0.4800042826E-01  0.2600367239E+00
  0.1067945788E+00  0.2220042330E+00
  0.1331679471E+00  0.2482033657E+00
  0.9022093188E-01  0.2513778114E+00
  0.7638789044E-01  0.2429871932E+00
  0.8806712786E-01  0.2308775752E+00
  0.9632176608E-01  0.2404816425E+00
  0.6830534163E-01  0.2320279165E+00
  0.0000000000E+00  0.2543661364E+00
 CONTINUED FRACTION COEFFICIENTS A(I),B2(I),I=1, 22
  0.5668768256E+00  0.1000000000E+01
  0.1404747967E+00  0.9240756370E-01
  0.2254417304E+00  0.9651528946E-01
  0.2024653498E+00  0.1348953874E+00
  0.1074274602E+00  0.1481167487E+00
  0.9398219214E-01  0.1699760885E+00
  0.6250217751E-01  0.2128485771E+00
  0.6450369862E-01  0.2202755139E+00
  0.1454240754E+00  0.2235205253E+00
  0.1380629494E+00  0.2550252129E+00
  0.7101751924E-01  0.2539209625E+00
  0.1133896648E+00  0.2461084023E+00
  0.8684578014E-01  0.2058718838E+00
  0.5915394136E-01  0.2617869281E+00
  0.1098161153E+00  0.2268762234E+00
  0.1284105507E+00  0.2470020560E+00
  0.9004112711E-01  0.2494703354E+00
  0.7470674463E-01  0.2429708383E+00
  0.8761787841E-01  0.2307080926E+00
  0.1013382769E+00  0.2408285410E+00
  0.7028232780E-01  0.2340115743E+00
  0.0000000000E+00  0.2562669957E+00
 CONTINUED FRACTION COEFFICIENTS A(I),B2(I),I=1, 22
 -0.9160869688E-01  0.1000000000E+01
  0.2312650323E+00  0.3142948049E-01
  0.2554094220E+00  0.1287770008E+00
  0.2483150195E+00  0.9126321847E-01
  0.2141602365E+00  0.1223073578E+00
  0.8273263257E-01  0.1405883288E+00
  0.9311926481E-01  0.2034699575E+00
  0.8566656112E-01  0.2069023560E+00
  0.1261296572E+00  0.2350118479E+00
  0.1285056579E+00  0.2410689709E+00
  0.1230011616E+00  0.2582273251E+00
  0.8985470902E-01  0.2346158090E+00
  0.7878702002E-01  0.2389403347E+00
  0.7893345996E-01  0.2240023053E+00
  0.1120413181E+00  0.2419581705E+00
  0.1022589398E+00  0.2531623018E+00
  0.1044208507E+00  0.2372494492E+00
  0.8986358375E-01  0.2459321428E+00
  0.6708845254E-01  0.2355900081E+00
  0.1152290300E+00  0.2365265437E+00
  0.7586127211E-01  0.2392058188E+00
  0.0000000000E+00  0.2543910802E+00
 CONTINUED FRACTION COEFFICIENTS A(I),B2(I),I=1, 22
 -0.9238737595E-01  0.1000000000E+01
  0.2332143470E+00  0.3673034804E-01
  0.2538189389E+00  0.1163071544E+00
  0.2576141951E+00  0.9924075285E-01
  0.2040683649E+00  0.1252964215E+00
  0.9905757134E-01  0.1299954107E+00
  0.8579729713E-01  0.2269909655E+00
  0.9923120864E-01  0.2150745938E+00
  0.1452772177E+00  0.2435719292E+00
  0.1153364510E+00  0.2515102147E+00
  0.1183739953E+00  0.2499972995E+00
  0.6659514378E-01  0.2268711741E+00
  0.8052269606E-01  0.2383800573E+00
  0.8854869204E-01  0.2277512070E+00
  0.1186650567E+00  0.2411092368E+00
  0.1044719943E+00  0.2612897331E+00
  0.8546389968E-01  0.2337842527E+00
  0.9852975627E-01  0.2406705836E+00
  0.6073636741E-01  0.2323494853E+00
  0.1124920518E+00  0.2463578470E+00
  0.9557743870E-01  0.2324041441E+00
  0.0000000000E+00  0.2596879638E+00
 CONTINUED FRACTION COEFFICIENTS A(I),B2(I),I=1, 22
 -0.1125923478E+00  0.1000000000E+01
  0.2306565314E+00  0.2625523898E-01
  0.2673393618E+00  0.1450369851E+00
  0.2025866446E+00  0.7539487926E-01
  0.2367086435E+00  0.1191979611E+00
  0.6954945666E-01  0.1553310866E+00
  0.8263304200E-01  0.1689442825E+00
  0.9559636814E-01  0.2013686541E+00
  0.6552509588E-01  0.2162760922E+00
  0.1082618185E+00  0.1973004822E+00
  0.1226676842E+00  0.2570580698E+00
  0.9232134924E-01  0.2265730197E+00
  0.1207154479E+00  0.2426842700E+00
  0.6587236751E-01  0.2251134761E+00
  0.1004009006E+00  0.2344851113E+00
  0.9564519127E-01  0.2429348202E+00
  0.1142472356E+00  0.2294305360E+00
  0.9384568632E-01  0.2502914935E+00
  0.7495247952E-01  0.2417910722E+00
  0.1290669953E+00  0.2258527152E+00
  0.5059031078E-01  0.2460870843E+00
  0.0000000000E+00  0.2406295876E+00
 CONTINUED FRACTION COEFFICIENTS A(I),B2(I),I=1, 22
 -0.1068955959E+00  0.1000000000E+01
  0.2397960564E+00  0.3662510382E-01
  0.2478431181E+00  0.1131554175E+00
  0.2427099254E+00  0.9487234622E-01
  0.2088224520E+00  0.1262325500E+00
  0.1000498857E+00  0.1272626374E+00
  0.8780789113E-01  0.2272093728E+00
  0.1031983030E+00  0.2210025885E+00
  0.1412099808E+00  0.2431135759E+00
  0.1020877468E+00  0.2474418302E+00
  0.1104207206E+00  0.2424376491E+00
  0.7047177659E-01  0.2278503479E+00
  0.9433806454E-01  0.2430393279E+00
  0.9248880213E-01  0.2312452681E+00
  0.1146210331E+00  0.2442923284E+00
  0.9793212048E-01  0.2538107117E+00
  0.7872576421E-01  0.2334773433E+00
  0.1066616172E+00  0.2398426520E+00
  0.6026971479E-01  0.2334396791E+00
  0.1212682915E+00  0.2514659227E+00
  0.9131845283E-01  0.2304880270E+00
  0.0000000000E+00  0.2588227875E+00
 CONTINUED FRACTION COEFFICIENTS A(I),B2(I),I=1, 22
 -0.1206251369E+00  0.1000000000E+01
  0.2443711193E+00  0.3121899205E-01
  0.2511342312E+00  0.1263056862E+00
  0.2215575367E+00  0.8607142904E-01
  0.2150790128E+00  0.1201852379E+00
  0.9362349158E-01  0.1386349966E+00
  0.9753364137E-01  0.2052225547E+00
  0.9828213939E-01  0.2158371587E+00
  0.1382938920E+00  0.2415367159E+00
  0.1188191803E+00  0.2421786690E+00
  0.1097129032E+00  0.2513785447E+00
  0.7802616232E-01  0.2282388828E+00
  0.8931179248E-01  0.2395928836E+00
  0.9404691268E-01  0.2287172084E+00
  0.1121019361E+00  0.2506101383E+00
  0.9866934930E-01  0.2477401426E+00
  0.9085613891E-01  0.2349135212E+00
  0.9363649044E-01  0.2430975693E+00
  0.6826799794E-01  0.2349952455E+00
  0.1260147690E+00  0.2438379930E+00
  0.7619734510E-01  0.2377789411E+00
  0.0000000000E+00  0.2556373043E+00
 CONTINUED FRACTION COEFFICIENTS A(I),B2(I),I=1, 22
  0.1932801011E+00  0.1000000000E+01
 -0.2502012278E-01  0.1957699906E+00
  0.1728639185E+00  0.7680275288E-01
  0.4961900171E-01  0.2482528006E+00
  0.1203805739E+00  0.1989225176E+00
  0.1361235751E+00  0.2541593334E+00
  0.1127435882E+00  0.2348946616E+00
  0.8269754611E-01  0.2399666216E+00
  0.1000011258E+00  0.2465638838E+00
  0.1033350910E+00  0.2268801928E+00
  0.9661708394E-01  0.2420205780E+00
  0.8683182166E-01  0.2517011691E+00
  0.1022694010E+00  0.2335292020E+00
  0.9868801624E-01  0.2369358534E+00
  0.8929888803E-01  0.2509225959E+00
  0.9478120874E-01  0.2359081960E+00
  0.7593388959E-01  0.2399178822E+00
  0.1226036044E+00  0.2400372971E+00
  0.7870492049E-01  0.2465117658E+00
  0.8329840572E-01  0.2426650919E+00
  0.1073834427E+00  0.2357897994E+00
  0.0000000000E+00  0.2382467076E+00
 CONTINUED FRACTION COEFFICIENTS A(I),B2(I),I=1, 22
  0.5224206019E+00  0.1000000000E+01
  0.5046171345E-01  0.1240294904E+00
  0.2470220540E+00  0.1072094761E+00
  0.1154558566E+00  0.1976241282E+00
  0.1362666931E+00  0.2110995653E+00
  0.1281520948E+00  0.2335152435E+00
  0.1024060106E+00  0.2589724784E+00
  0.9866535755E-01  0.2216535889E+00
  0.1025849768E+00  0.2367038492E+00
  0.1092570247E+00  0.2531912753E+00
  0.7642638332E-01  0.2285766232E+00
  0.1028449168E+00  0.2443174977E+00
  0.1011734553E+00  0.2336437837E+00
  0.1037348850E+00  0.2621821377E+00
  0.7734366241E-01  0.2177881584E+00
  0.9437051054E-01  0.2588314208E+00
  0.1023008339E+00  0.2252872721E+00
  0.8345186883E-01  0.2527524428E+00
  0.1083958764E+00  0.2414130220E+00
  0.8655058137E-01  0.2387561391E+00
  0.7612147955E-01  0.2411690330E+00
  0.0000000000E+00  0.2405037921E+00
 CONTINUED FRACTION COEFFICIENTS A(I),B2(I),I=1, 22
  0.5176736984E+00  0.1000000000E+01
  0.5657662336E-01  0.1240294904E+00
  0.2346088029E+00  0.1040271553E+00
  0.9222699203E-01  0.1890901010E+00
  0.1342546846E+00  0.2064944028E+00
  0.1208205359E+00  0.2325588873E+00
  0.1092133358E+00  0.2595938284E+00
  0.9527406286E-01  0.2222155785E+00
  0.9738360265E-01  0.2351529421E+00
  0.1104594981E+00  0.2514265081E+00
  0.7706490947E-01  0.2296376030E+00
  0.1059263255E+00  0.2454479704E+00
  0.8910931777E-01  0.2317161453E+00
  0.1113677058E+00  0.2594248861E+00
  0.7502493617E-01  0.2206121066E+00
  0.9671726488E-01  0.2583219073E+00
  0.9687444656E-01  0.2240495314E+00
  0.8462904283E-01  0.2529739493E+00
  0.1044229754E+00  0.2389578329E+00
  0.9288337239E-01  0.2404452912E+00
  0.7327523434E-01  0.2429582569E+00
  0.0000000000E+00  0.2366216532E+00
 CONTINUED FRACTION COEFFICIENTS A(I),B2(I),I=1, 22
  0.5129267950E+00  0.1000000000E+01
  0.6253753693E-01  0.1239844242E+00
  0.2218424816E+00  0.1008131314E+00
  0.6142338734E-01  0.1793151318E+00
  0.1185947384E+00  0.1965669332E+00
  0.1093141045E+00  0.2275809620E+00
  0.1220867538E+00  0.2605895804E+00
  0.9709767979E-01  0.2261850550E+00
  0.9237413915E-01  0.2348079905E+00
  0.1092533612E+00  0.2491056914E+00
  0.7885861759E-01  0.2297608965E+00
  0.1149414016E+00  0.2487126354E+00
  0.7961976134E-01  0.2327941290E+00
  0.1152318386E+00  0.2547539399E+00
  0.7450735900E-01  0.2240522885E+00
  0.1028004121E+00  0.2582319516E+00
  0.9286993228E-01  0.2251174015E+00
  0.8949395044E-01  0.2537953600E+00
  0.9621130618E-01  0.2367806421E+00
  0.1000951899E+00  0.2408321146E+00
  0.7684351401E-01  0.2462481277E+00
  0.0000000000E+00  0.2363139116E+00
 CONTINUED FRACTION COEFFICIENTS A(I),B2(I),I=1, 22
  0.7300318171E-01  0.1000000000E+01
  0.1578228501E+00  0.3378091538E-01
  0.2528626133E+00  0.1396160773E+00
  0.1401101500E+00  0.1309335784E+00
  0.1762531680E+00  0.1815767092E+00
  0.1503029928E+00  0.2111496771E+00
  0.1377557519E+00  0.2266945512E+00
  0.6840837336E-01  0.2504773728E+00
  0.1309183211E+00  0.2344989088E+00
  0.1079961960E+00  0.2338265209E+00
  0.8704894100E-01  0.2380166935E+00
  0.9128318529E-01  0.2405553618E+00
  0.1049942631E+00  0.2418615455E+00
  0.1010049332E+00  0.2361368006E+00
  0.9994021136E-01  0.2537073609E+00
  0.7567954728E-01  0.2276134485E+00
  0.9726191275E-01  0.2436463740E+00
  0.1079257112E+00  0.2427691451E+00
  0.8029305327E-01  0.2419279755E+00
  0.1038171058E+00  0.2458645292E+00
  0.8418525410E-01  0.2274739803E+00
  0.0000000000E+00  0.2593135084E+00
 CONTINUED FRACTION COEFFICIENTS A(I),B2(I),I=1, 22
  0.7650367465E-01  0.1000000000E+01
  0.1687905265E+00  0.3928026356E-01
  0.2590726028E+00  0.1220983169E+00
  0.1410673708E+00  0.1423643157E+00
  0.1862625112E+00  0.1946771378E+00
  0.1566693311E+00  0.2135745618E+00
  0.1084231314E+00  0.2405225295E+00
  0.7244470909E-01  0.2444129006E+00
  0.1306026313E+00  0.2313816867E+00
  0.9025449384E-01  0.2396273083E+00
  0.1014915219E+00  0.2331726344E+00
  0.8216425638E-01  0.2473202793E+00
  0.1178173984E+00  0.2404140941E+00
  0.7773975331E-01  0.2316721535E+00
  0.1130261464E+00  0.2594967671E+00
  0.8086772042E-01  0.2236428630E+00
  0.7918778090E-01  0.2443624983E+00
  0.1199685177E+00  0.2443654473E+00
  0.8511273302E-01  0.2399447155E+00
  0.9065822556E-01  0.2489147118E+00
  0.8961788413E-01  0.2249010684E+00
  0.0000000000E+00  0.2579348881E+00
 CONTINUED FRACTION COEFFICIENTS A(I),B2(I),I=1, 22
  0.6369510563E-01  0.1000000000E+01
  0.1581061043E+00  0.2823744955E-01
  0.2620410591E+00  0.1618307408E+00
  0.9538561553E-01  0.1104199771E+00
  0.1821682809E+00  0.1617579528E+00
  0.1159852891E+00  0.2158434895E+00
  0.1371409998E+00  0.1849655355E+00
  0.7179732071E-01  0.2526058911E+00
  0.1237585346E+00  0.2306992331E+00
  0.1293680127E+00  0.2191737953E+00
  0.9423798121E-01  0.2522334486E+00
  0.8715451683E-01  0.2212726930E+00
  0.9520103322E-01  0.2432680475E+00
  0.1242091376E+00  0.2380688553E+00
  0.9729394820E-01  0.2397865204E+00
  0.7291844821E-01  0.2399675078E+00
  0.1162642406E+00  0.2346656388E+00
  0.8814319041E-01  0.2392220702E+00
  0.9732688640E-01  0.2458948185E+00
  0.1038064977E+00  0.2403841950E+00
  0.7874039257E-01  0.2285692793E+00
  0.0000000000E+00  0.2564162303E+00
 CONTINUED FRACTION COEFFICIENTS A(I),B2(I),I=1, 22
  0.7263195256E-01  0.1000000000E+01
  0.1808739445E+00  0.3927276844E-01
  0.2465721391E+00  0.1151609761E+00
  0.1011886250E+00  0.1333041188E+00
  0.1867391527E+00  0.1911218388E+00
  0.1307264611E+00  0.2018182563E+00
  0.1081025244E+00  0.2378548055E+00
  0.7659038701E-01  0.2476996616E+00
  0.1296369122E+00  0.2286807283E+00
  0.9381107843E-01  0.2434252257E+00
  0.9340902628E-01  0.2314836795E+00
  0.9025300893E-01  0.2465888456E+00
  0.1066917727E+00  0.2404691711E+00
  0.7382500649E-01  0.2288784665E+00
  0.1265416289E+00  0.2582652452E+00
  0.7577126864E-01  0.2314407049E+00
  0.7600244876E-01  0.2371375032E+00
  0.1122685950E+00  0.2441857284E+00
  0.9152340574E-01  0.2393573488E+00
  0.8926780552E-01  0.2484163300E+00
  0.9000367171E-01  0.2286039390E+00
  0.0000000000E+00  0.2533628454E+00
 CONTINUED FRACTION COEFFICIENTS A(I),B2(I),I=1, 22
  0.6525973753E-01  0.1000000000E+01
  0.1814762260E+00  0.3376592515E-01
  0.2499898675E+00  0.1352804054E+00
  0.9860598760E-01  0.1213103230E+00
  0.1832536904E+00  0.1761000145E+00
  0.1313792269E+00  0.2104667871E+00
  0.1233692244E+00  0.2217135611E+00
  0.7885647755E-01  0.2484315640E+00
  0.1257111509E+00  0.2380144202E+00
  0.1100522307E+00  0.2324823465E+00
  0.9084315028E-01  0.2397555582E+00
  0.8965612490E-01  0.2421281227E+00
  0.1030808906E+00  0.2401178923E+00
  0.9399256279E-01  0.2348713836E+00
  0.1138193394E+00  0.2531406120E+00
  0.7091852857E-01  0.2338315372E+00
  0.9488477857E-01  0.2384094686E+00
  0.1072794932E+00  0.2427109263E+00
  0.8398196997E-01  0.2448802332E+00
  0.1029516546E+00  0.2428519281E+00
  0.8135137429E-01  0.2303778890E+00
  0.0000000000E+00  0.2569363207E+00
 CONTINUED FRACTION COEFFICIENTS A(I),B2(I),I=1, 22
  0.4272617132E-01  0.1000000000E+01
 -0.1034338193E+00  0.2393706391E+00
  0.2087807048E+00  0.9051846275E-01
  0.5934048084E-01  0.3272816683E+00
  0.1135391834E+00  0.2023997724E+00
  0.6052866651E-01  0.2471556512E+00
  0.1369017557E+00  0.1999710721E+00
  0.5843590261E-01  0.2833467346E+00
  0.1280091796E+00  0.2210264320E+00
  0.7063916564E-01  0.2293499723E+00
  0.1125185581E+00  0.2579939902E+00
  0.8362237561E-01  0.2413212292E+00
  0.8828074723E-01  0.2175811121E+00
  0.1024154145E+00  0.2632547579E+00
  0.1037107468E+00  0.2397020888E+00
  0.7208568777E-01  0.2354050218E+00
  0.9112276748E-01  0.2367102597E+00
  0.1118486748E+00  0.2482991595E+00
  0.8806021774E-01  0.2467708931E+00
  0.7477958055E-01  0.2315080852E+00
  0.1087455781E+00  0.2432951048E+00
  0.0000000000E+00  0.2458735550E+00
 CONTINUED FRACTION COEFFICIENTS A(I),B2(I),I=1, 22
  0.6402215337E+00  0.1000000000E+01
  0.6066542097E-01  0.1673241854E+00
  0.2700349358E+00  0.1660569620E+00
  0.6798410991E-01  0.1974994879E+00
  0.2389633373E+00  0.2375310569E+00
  0.5171663408E-01  0.2300303235E+00
  0.7405997972E-01  0.2402665285E+00
  0.1155620583E+00  0.2201435158E+00
  0.1272225998E+00  0.2575990546E+00
  0.7820056879E-01  0.2349092265E+00
  0.9086411351E-01  0.2414360674E+00
  0.9457094986E-01  0.2329204278E+00
  0.1092433345E+00  0.2488962966E+00
  0.8261769475E-01  0.2398654197E+00
  0.9597459371E-01  0.2336981388E+00
  0.9619292408E-01  0.2528111376E+00
  0.9436956325E-01  0.2339990871E+00
  0.8058426566E-01  0.2403148203E+00
  0.1102842245E+00  0.2460610547E+00
  0.8538973548E-01  0.2387847630E+00
  0.7984887511E-01  0.2434203963E+00
  0.0000000000E+00  0.2385525408E+00
 CONTINUED FRACTION COEFFICIENTS A(I),B2(I),I=1, 22
  0.5142834643E+00  0.1000000000E+01
  0.9522837481E-01  0.1673241854E+00
  0.3107933625E+00  0.1830198943E+00
  0.2034347230E-01  0.1932148794E+00
  0.2177171039E+00  0.2105348010E+00
  0.8829905475E-01  0.2381348155E+00
  0.9298310682E-01  0.2624965496E+00
  0.7091339541E-01  0.2096153577E+00
  0.1230981192E+00  0.2410646055E+00
  0.1053932468E+00  0.2445800448E+00
  0.9053698433E-01  0.2508378323E+00
  0.6811565600E-01  0.2232365945E+00
  0.1171766846E+00  0.2424033953E+00
  0.9622818557E-01  0.2491971916E+00
  0.7869442918E-01  0.2325870348E+00
  0.9275886075E-01  0.2437182006E+00
  0.1089642106E+00  0.2396070624E+00
  0.7326850682E-01  0.2433609011E+00
  0.9657814114E-01  0.2378412119E+00
  0.9713193849E-01  0.2382552975E+00
  0.8283918548E-01  0.2508849866E+00
  0.0000000000E+00  0.2327920193E+00
 CONTINUED FRACTION COEFFICIENTS A(I),B2(I),I=1, 22
  0.3883453950E+00  0.1000000000E+01
 -0.1647569054E-01  0.1356033907E+00
  0.2049209096E+00  0.1145745779E+00
  0.7344241287E-01  0.2309359745E+00
  0.1655155348E+00  0.1956197693E+00
  0.6886001880E-02  0.2221391252E+00
  0.1298767699E+00  0.2332255752E+00
  0.1114382565E+00  0.2411818242E+00
  0.1153883176E+00  0.2481535278E+00
  0.5764446291E-01  0.2301669692E+00
  0.1274150591E+00  0.2398878446E+00
  0.9521995419E-01  0.2520159586E+00
  0.8419240621E-01  0.2347014564E+00
  0.1071958395E+00  0.2403202405E+00
  0.9542119403E-01  0.2454736517E+00
  0.8242708276E-01  0.2451296980E+00
  0.9010087300E-01  0.2268550901E+00
  0.1013002432E+00  0.2502555599E+00
  0.1070048187E+00  0.2482116159E+00
  0.6554840349E-01  0.2322635616E+00
  0.9156887255E-01  0.2434393001E+00
  0.0000000000E+00  0.2367499886E+00
 CONTINUED FRACTION COEFFICIENTS A(I),B2(I),I=1, 22
 -0.8565495939E-01  0.1000000000E+01
  0.4592062085E-01  0.6859603677E-01
  0.2548033664E+00  0.1523183096E+00
  0.2038964712E+00  0.1785745929E+00
  0.1875045466E+00  0.1853742376E+00
  0.1251058591E+00  0.1851509238E+00
  0.1617193952E+00  0.2140505909E+00
  0.8777091034E-01  0.2446573076E+00
  0.1098677592E+00  0.2223507199E+00
  0.9247520312E-01  0.2372805746E+00
  0.1417699352E+00  0.2331425215E+00
  0.7126230065E-01  0.2393692889E+00
  0.9961776077E-01  0.2328999743E+00
  0.1051399611E+00  0.2404048878E+00
  0.1037069327E+00  0.2481171807E+00
  0.8382837566E-01  0.2302735496E+00
  0.1007913251E+00  0.2354897057E+00
  0.9246691136E-01  0.2536684925E+00
  0.1042317925E+00  0.2381176361E+00
  0.8225030096E-01  0.2309535282E+00
  0.9631674099E-01  0.2469932589E+00
  0.0000000000E+00  0.2484315654E+00
 CONTINUED FRACTION COEFFICIENTS A(I),B2(I),I=1, 22
 -0.9459825868E-01  0.1000000000E+01
  0.6425502250E-01  0.7991162359E-01
  0.2684100241E+00  0.1394356244E+00
  0.1915098300E+00  0.1950892458E+00
  0.2076258831E+00  0.1842598732E+00
  0.9565902189E-01  0.1846134103E+00
  0.1730612743E+00  0.2222732543E+00
  0.1158683339E+00  0.2222642467E+00
  0.1013860186E+00  0.2368990106E+00
  0.9327311696E-01  0.2255758075E+00
  0.1320127226E+00  0.2395436396E+00
  0.8416197275E-01  0.2377676646E+00
  0.9088008718E-01  0.2292485949E+00
  0.1071468979E+00  0.2486976879E+00
  0.1017050101E+00  0.2428180861E+00
  0.6993881788E-01  0.2333305090E+00
  0.1205523740E+00  0.2329502019E+00
  0.7641150504E-01  0.2575527105E+00
  0.1076617059E+00  0.2368802679E+00
  0.7799063699E-01  0.2309822795E+00
  0.9997517125E-01  0.2464241159E+00
  0.0000000000E+00  0.2498182903E+00
 CONTINUED FRACTION COEFFICIENTS A(I),B2(I),I=1, 22
 -0.1329426404E+00  0.1000000000E+01
  0.5183084855E-01  0.5849365497E-01
  0.2577623914E+00  0.1697354653E+00
  0.1333232561E+00  0.1512587198E+00
  0.1968981112E+00  0.1730831616E+00
  0.1149538321E+00  0.1774806754E+00
  0.1433094076E+00  0.2005885860E+00
  0.8892215408E-01  0.2678578021E+00
  0.8672990502E-01  0.2169873358E+00
  0.1131724116E+00  0.2408567180E+00
  0.1278381352E+00  0.2206648124E+00
  0.7486880776E-01  0.2445664692E+00
  0.1062912694E+00  0.2374566156E+00
  0.8813507038E-01  0.2348715505E+00
  0.1153816551E+00  0.2488608512E+00
  0.9220455186E-01  0.2256665854E+00
  0.8166999082E-01  0.2382195636E+00
  0.1009364598E+00  0.2531806301E+00
  0.1170309261E+00  0.2370920955E+00
  0.6310302285E-01  0.2275687410E+00
  0.1069096763E+00  0.2470971730E+00
  0.0000000000E+00  0.2486433698E+00
 CONTINUED FRACTION COEFFICIENTS A(I),B2(I),I=1, 22
 -0.1320855789E+00  0.1000000000E+01
  0.9202867415E-01  0.7920897401E-01
  0.2322692058E+00  0.1294610450E+00
  0.1382272752E+00  0.1826088185E+00
  0.2391967158E+00  0.1826192525E+00
  0.7402209395E-01  0.1781228608E+00
  0.1813183717E+00  0.2257959141E+00
  0.1136852000E+00  0.2258771130E+00
  0.9585429967E-01  0.2269039617E+00
  0.8558822650E-01  0.2300456588E+00
  0.1446168710E+00  0.2349941377E+00
  0.8408929508E-01  0.2415093773E+00
  0.8073865824E-01  0.2297421756E+00
  0.1051691496E+00  0.2404057509E+00
  0.1096367236E+00  0.2461150721E+00
  0.7167345171E-01  0.2377021656E+00
  0.1078246342E+00  0.2270931980E+00
  0.8186868780E-01  0.2580495831E+00
  0.1085443639E+00  0.2359513539E+00
  0.7868103608E-01  0.2348723698E+00
  0.9327821092E-01  0.2416195372E+00
  0.0000000000E+00  0.2493309974E+00
 CONTINUED FRACTION COEFFICIENTS A(I),B2(I),I=1, 22
 -0.1606295997E+00  0.1000000000E+01
  0.9974944520E-01  0.6719073759E-01
  0.2286171934E+00  0.1535613006E+00
  0.1271432521E+00  0.1630857461E+00
  0.2180363545E+00  0.1714907865E+00
  0.9314933380E-01  0.1819496646E+00
  0.1683072116E+00  0.2118567090E+00
  0.1101963518E+00  0.2502083753E+00
  0.8735337004E-01  0.2214271888E+00
  0.9655806336E-01  0.2362141947E+00
  0.1382218072E+00  0.2265356981E+00
  0.7698878745E-01  0.2477681262E+00
  0.1026608992E+00  0.2303642531E+00
  0.9033526056E-01  0.2397778299E+00
  0.1161985996E+00  0.2468231561E+00
  0.8042166526E-01  0.2326764469E+00
  0.9649020346E-01  0.2337001943E+00
  0.9560011588E-01  0.2539840146E+00
  0.1063440449E+00  0.2382363765E+00
  0.7884031167E-01  0.2324526686E+00
  0.9198086768E-01  0.2442223535E+00
  0.0000000000E+00  0.2483719125E+00
 CONTINUED FRACTION COEFFICIENTS A(I),B2(I),I=1, 22
  0.2958363717E-03  0.1000000000E+01
 -0.1529505084E+00  0.2443294727E+00
  0.2500780842E+00  0.9311759726E-01
  0.1012425650E-02  0.3457268877E+00
  0.1018921979E+00  0.2116236159E+00
  0.6795545900E-01  0.2119654488E+00
  0.1417367235E+00  0.2171538261E+00
  0.6369550312E-01  0.2956844293E+00
  0.8643252565E-01  0.2066694860E+00
  0.7081221643E-01  0.2259842753E+00
  0.1341342119E+00  0.2590835121E+00
  0.8429991258E-01  0.2452141461E+00
  0.6988037081E-01  0.2234476526E+00
  0.8761137263E-01  0.2477267053E+00
  0.1332883728E+00  0.2457910433E+00
  0.7179403540E-01  0.2348739067E+00
  0.6002947155E-01  0.2445145081E+00
  0.1440416500E+00  0.2380229595E+00
  0.6895678919E-01  0.2439958085E+00
  0.8337435903E-01  0.2424367690E+00
  0.1025161735E+00  0.2378761770E+00
  0.0000000000E+00  0.2415164675E+00
 CONTINUED FRACTION COEFFICIENTS A(I),B2(I),I=1, 22
  0.5927080114E+00  0.1000000000E+01
  0.5025696557E-02  0.1705825690E+00
  0.2744035589E+00  0.1720226461E+00
  0.7880876787E-01  0.1982939180E+00
  0.2160964632E+00  0.2562533575E+00
  0.6523372715E-01  0.2129141556E+00
  0.1031233001E+00  0.2379491013E+00
  0.1300726960E+00  0.2375941506E+00
  0.8518086862E-01  0.2532935719E+00
  0.6678598616E-01  0.2118081581E+00
  0.1173595988E+00  0.2578498560E+00
  0.1141906076E+00  0.2401546137E+00
  0.6964498185E-01  0.2454485964E+00
  0.8626943991E-01  0.2227780139E+00
  0.1123763684E+00  0.2536114290E+00
  0.1009105352E+00  0.2487342959E+00
  0.6753180205E-01  0.2253017353E+00
  0.1022475357E+00  0.2517636982E+00
  0.1067094202E+00  0.2378094739E+00
  0.7296520141E-01  0.2415921857E+00
  0.9693262191E-01  0.2436561689E+00
  0.0000000000E+00  0.2394967852E+00
 CONTINUED FRACTION COEFFICIENTS A(I),B2(I),I=1, 22
  0.4668207522E+00  0.1000000000E+01
  0.4188205728E-01  0.1705825690E+00
  0.3058833509E+00  0.1886963640E+00
  0.2275072932E-01  0.1896796371E+00
  0.2162545010E+00  0.2290427853E+00
  0.1048444458E+00  0.2329415558E+00
  0.9002858469E-01  0.2478362466E+00
  0.8991035379E-01  0.2157312942E+00
  0.1262198784E+00  0.2559310435E+00
  0.7083928335E-01  0.2283261602E+00
  0.8448322562E-01  0.2455583612E+00
  0.1124033661E+00  0.2280516831E+00
  0.1064001151E+00  0.2607597551E+00
  0.6530920815E-01  0.2272543385E+00
  0.8674414222E-01  0.2370651891E+00
  0.1264335990E+00  0.2483101282E+00
  0.7438665328E-01  0.2382492325E+00
  0.8133590824E-01  0.2455498892E+00
  0.1031021016E+00  0.2291177708E+00
  0.8718357833E-01  0.2472424996E+00
  0.9273260027E-01  0.2475220155E+00
  0.0000000000E+00  0.2327000967E+00
 CONTINUED FRACTION COEFFICIENTS A(I),B2(I),I=1, 22
  0.3409334929E+00  0.1000000000E+01
 -0.6719159283E-01  0.1388873650E+00
  0.2167002627E+00  0.1182812121E+00
  0.6768037397E-01  0.2338272194E+00
  0.1312203544E+00  0.2028958622E+00
 -0.7611310169E-03  0.1992684152E+00
  0.1108328244E+00  0.2137272600E+00
  0.9358503763E-01  0.2398119414E+00
  0.1122692438E+00  0.2417985051E+00
  0.3153865224E-01  0.2243331419E+00
  0.1169735946E+00  0.2334839284E+00
  0.8285600024E-01  0.2407776426E+00
  0.1010737826E+00  0.2399744971E+00
  0.7336053811E-01  0.2345531022E+00
  0.8991875693E-01  0.2421700153E+00
  0.1177626695E+00  0.2382889170E+00
  0.5743850416E-01  0.2422396022E+00
  0.9883330113E-01  0.2371143381E+00
  0.1093966590E+00  0.2372104665E+00
  0.8461082628E-01  0.2544591756E+00
  0.7605486769E-01  0.2364608628E+00
  0.0000000000E+00  0.2253943423E+00
 CONTINUED FRACTION COEFFICIENTS A(I),B2(I),I=1, 22
 -0.1139018666E+00  0.1000000000E+01
 -0.1966176219E-01  0.7230408130E-01
  0.2600404782E+00  0.1548508466E+00
  0.2156158530E+00  0.1895423607E+00
  0.1575196752E+00  0.1771817982E+00
  0.1406098565E+00  0.1670293184E+00
  0.1908215466E+00  0.2371386493E+00
  0.5469016068E-01  0.2352209339E+00
  0.8034722034E-01  0.2161052476E+00
  0.1246340375E+00  0.2404850575E+00
  0.1418910703E+00  0.2405464567E+00
  0.6307199639E-01  0.2204990395E+00
  0.1005091518E+00  0.2399782463E+00
  0.1141931092E+00  0.2497970016E+00
  0.9302200479E-01  0.2385136296E+00
  0.8910746043E-01  0.2218957758E+00
  0.1109415445E+00  0.2522405658E+00
  0.9092273164E-01  0.2420924772E+00
  0.8634556140E-01  0.2398867165E+00
  0.1028484744E+00  0.2306592935E+00
  0.1046141279E+00  0.2466354122E+00
  0.0000000000E+00  0.2479429345E+00
 CONTINUED FRACTION COEFFICIENTS A(I),B2(I),I=1, 22
 -0.1226815923E+00  0.1000000000E+01
  0.4781371085E-02  0.8403655130E-01
  0.2834785506E+00  0.1437059724E+00
  0.1942574401E+00  0.2041062696E+00
  0.1835235396E+00  0.1808511852E+00
  0.1023032976E+00  0.1717703448E+00
  0.1752503411E+00  0.2425035360E+00
  0.9896262226E-01  0.2231497915E+00
  0.4919197640E-01  0.2425096406E+00
  0.1314516321E+00  0.2117380444E+00
  0.1460060679E+00  0.2488814790E+00
  0.8060700683E-01  0.2267460364E+00
  0.6944843787E-01  0.2329015211E+00
  0.1271826762E+00  0.2449549317E+00
  0.1022752010E+00  0.2411601657E+00
  0.8633800173E-01  0.2302090357E+00
  0.1013036203E+00  0.2372193448E+00
  0.9231038128E-01  0.2455437791E+00
  0.1059264850E+00  0.2468656309E+00
  0.8139229676E-01  0.2256458884E+00
  0.1073474159E+00  0.2420522447E+00
  0.0000000000E+00  0.2521425556E+00
 CONTINUED FRACTION COEFFICIENTS A(I),B2(I),I=1, 22
 -0.1610591453E+00  0.1000000000E+01
 -0.1110940802E-01  0.6176758143E-01
  0.2516196528E+00  0.1743072434E+00
  0.1444424592E+00  0.1592050089E+00
  0.1596285466E+00  0.1608538614E+00
  0.1089997912E+00  0.1491933056E+00
  0.1934276684E+00  0.2152265313E+00
  0.6331452260E-01  0.2465580746E+00
  0.6038536712E-01  0.1993963929E+00
  0.1445455307E+00  0.2614255403E+00
  0.1143090132E+00  0.2309919516E+00
  0.5480250967E-01  0.2229796784E+00
  0.1038630046E+00  0.2339395461E+00
  0.1184878035E+00  0.2570384434E+00
  0.8895167682E-01  0.2376612098E+00
  0.7872992246E-01  0.2162361552E+00
  0.1191762061E+00  0.2549162834E+00
  0.8399680285E-01  0.2459768718E+00
  0.8936904055E-01  0.2346030107E+00
  0.9973126238E-01  0.2314488720E+00
  0.1066466047E+00  0.2516654125E+00
  0.0000000000E+00  0.2410265169E+00
 CONTINUED FRACTION COEFFICIENTS A(I),B2(I),I=1, 22
 -0.1599729285E+00  0.1000000000E+01
  0.3841799589E-01  0.8334122942E-01
  0.2353571986E+00  0.1335687731E+00
  0.1406294864E+00  0.1894890227E+00
  0.2192020415E+00  0.1816458879E+00
  0.7355823239E-01  0.1625389040E+00
  0.1876648653E+00  0.2460866189E+00
  0.8852071788E-01  0.2266533538E+00
  0.6075983293E-01  0.2346459101E+00
  0.1159911800E+00  0.2199551794E+00
  0.1494651764E+00  0.2403370905E+00
  0.7335341242E-01  0.2241968646E+00
  0.7427720922E-01  0.2384060497E+00
  0.1313074400E+00  0.2427230031E+00
  0.8934635320E-01  0.2396453228E+00
  0.8883046950E-01  0.2297462219E+00
  0.1015611723E+00  0.2336735141E+00
  0.9119951599E-01  0.2521317654E+00
  0.1057822191E+00  0.2399477329E+00
  0.7478551934E-01  0.2279575483E+00
  0.1115749213E+00  0.2400868456E+00
  0.0000000000E+00  0.2525606678E+00
 CONTINUED FRACTION COEFFICIENTS A(I),B2(I),I=1, 22
 -0.1884845391E+00  0.1000000000E+01
  0.4545339237E-01  0.7091343754E-01
  0.2262717648E+00  0.1607624750E+00
  0.1311438287E+00  0.1685001171E+00
  0.1979796270E+00  0.1656196033E+00
  0.9262052286E-01  0.1655086315E+00
  0.1950105906E+00  0.2297205193E+00
  0.8683158156E-01  0.2438541722E+00
  0.6570582686E-01  0.2214415757E+00
  0.1267592210E+00  0.2394797272E+00
  0.1391747271E+00  0.2316483800E+00
  0.5514710204E-01  0.2253402174E+00
  0.1066868743E+00  0.2366939111E+00
  0.1127525864E+00  0.2508301438E+00
  0.1016827194E+00  0.2393841313E+00
  0.7574317799E-01  0.2250901180E+00
  0.1143951543E+00  0.2423719274E+00
  0.9107930183E-01  0.2486383317E+00
  0.9507461592E-01  0.2408580394E+00
  0.9002405187E-01  0.2274361240E+00
  0.1053856530E+00  0.2471577127E+00
  0.0000000000E+00  0.2468657111E+00
 CONTINUED FRACTION COEFFICIENTS A(I),B2(I),I=1, 22
 -0.3536307994E-02  0.1000000000E+01
 -0.1632831418E+00  0.2415360855E+00
  0.2331571927E+00  0.9165563491E-01
 -0.1389673512E-01  0.3493933000E+00
  0.9432348322E-01  0.2073465723E+00
  0.4914795166E-01  0.2225369283E+00
  0.1712570330E+00  0.2111940983E+00
  0.3608047524E-01  0.2910699021E+00
  0.1079105709E+00  0.2108051596E+00
  0.7525802409E-01  0.2220703197E+00
  0.1230447715E+00  0.2760155437E+00
  0.7380036235E-01  0.2316672534E+00
  0.6967363832E-01  0.2177301367E+00
  0.1074912078E+00  0.2610343230E+00
  0.1304397027E+00  0.2450527957E+00
  0.3309253037E-01  0.2255628953E+00
  0.1031601256E+00  0.2473989413E+00
  0.1370936032E+00  0.2438886211E+00
  0.5520272435E-01  0.2469673893E+00
  0.8138894609E-01  0.2250168941E+00
  0.1141455645E+00  0.2561327221E+00
  0.0000000000E+00  0.2352661521E+00
 CONTINUED FRACTION COEFFICIENTS A(I),B2(I),I=1, 22
  0.5874466120E+00  0.1000000000E+01
 -0.3961371306E-02  0.1689892549E+00
  0.2630739516E+00  0.1717095609E+00
  0.5190843741E-01  0.1986469133E+00
  0.2129677446E+00  0.2519972645E+00
  0.4854887198E-01  0.2128494726E+00
  0.9985535804E-01  0.2428565808E+00
  0.1551152463E+00  0.2270832350E+00
  0.8219514995E-01  0.2503150657E+00
  0.8830563771E-01  0.2232501610E+00
  0.1246916595E+00  0.2569929522E+00
  0.8419648474E-01  0.2366241185E+00
  0.7981524950E-01  0.2436495062E+00
  0.1016225812E+00  0.2224013526E+00
  0.1078508794E+00  0.2615173102E+00
  0.7511210164E-01  0.2409918818E+00
  0.8661454439E-01  0.2249988913E+00
  0.1095247181E+00  0.2508578401E+00
  0.9330443376E-01  0.2478974598E+00
  0.7257585088E-01  0.2338549961E+00
  0.1012468472E+00  0.2374056581E+00
  0.0000000000E+00  0.2498145430E+00
 CONTINUED FRACTION COEFFICIENTS A(I),B2(I),I=1, 22
  0.4616618722E+00  0.1000000000E+01
  0.3301934339E-01  0.1689892549E+00
  0.2968434783E+00  0.1887955816E+00
 -0.9058244761E-03  0.1912881254E+00
  0.2126123042E+00  0.2245814833E+00
  0.8598878632E-01  0.2328755701E+00
  0.9069554593E-01  0.2540008496E+00
  0.1122822002E+00  0.2051377303E+00
  0.1213568448E+00  0.2548797266E+00
  0.8689138400E-01  0.2354072933E+00
  0.9712811049E-01  0.2461230930E+00
  0.9283521017E-01  0.2288017747E+00
  0.1052633467E+00  0.2591589433E+00
  0.7157492173E-01  0.2204590977E+00
  0.9529547859E-01  0.2447702963E+00
  0.1079697688E+00  0.2493274268E+00
  0.7977790249E-01  0.2351392689E+00
  0.8177328517E-01  0.2373372921E+00
  0.1070265666E+00  0.2426260877E+00
  0.9137783240E-01  0.2473353274E+00
  0.7739614330E-01  0.2353092043E+00
  0.0000000000E+00  0.2366944096E+00
 CONTINUED FRACTION COEFFICIENTS A(I),B2(I),I=1, 22
  0.3358771325E+00  0.1000000000E+01
 -0.7833048022E-01  0.1373456534E+00
  0.1998071410E+00  0.1163939433E+00
  0.5113984551E-01  0.2374021832E+00
  0.1299709245E+00  0.1983258742E+00
 -0.1763944888E-01  0.2043391351E+00
  0.1360943019E+00  0.2194612749E+00
  0.1090925210E+00  0.2316465071E+00
  0.9813290328E-01  0.2442225832E+00
  0.3037965872E-01  0.2182144485E+00
  0.1300267918E+00  0.2311767825E+00
  0.7046521636E-01  0.2475472668E+00
  0.1028554363E+00  0.2366836095E+00
  0.7307767105E-01  0.2281752965E+00
  0.1030287567E+00  0.2491496283E+00
  0.1001956854E+00  0.2444132833E+00
  0.6909279900E-01  0.2324434181E+00
  0.9838723403E-01  0.2386578497E+00
  0.1034347757E+00  0.2478176252E+00
  0.8301744462E-01  0.2420325902E+00
  0.8506761480E-01  0.2348739613E+00
  0.0000000000E+00  0.2424004253E+00
 CONTINUED FRACTION COEFFICIENTS A(I),B2(I),I=1, 22
 -0.1151018691E+00  0.1000000000E+01
 -0.3161173200E-01  0.7191209860E-01
  0.2435610647E+00  0.1522088369E+00
  0.1962470051E+00  0.1911919623E+00
  0.1428000641E+00  0.1762634629E+00
  0.1421932927E+00  0.1630850218E+00
  0.1931296464E+00  0.2362006672E+00
  0.5323480729E-01  0.2312967316E+00
  0.9936180327E-01  0.2091029151E+00
  0.1304982964E+00  0.2451958677E+00
  0.1322395170E+00  0.2461221668E+00
  0.4798531509E-01  0.2142248323E+00
  0.1096428917E+00  0.2379174541E+00
  0.1211238881E+00  0.2545773380E+00
  0.8516548829E-01  0.2373728325E+00
  0.8718040028E-01  0.2130267449E+00
  0.1136772088E+00  0.2630912292E+00
  0.9742683223E-01  0.2436359971E+00
  0.7505489419E-01  0.2307630219E+00
  0.1097996318E+00  0.2325085789E+00
  0.1124766657E+00  0.2557143593E+00
  0.0000000000E+00  0.2392044715E+00
 CONTINUED FRACTION COEFFICIENTS A(I),B2(I),I=1, 22
 -0.1239159792E+00  0.1000000000E+01
 -0.7082834093E-02  0.8357176224E-01
  0.2675997830E+00  0.1411990091E+00
  0.1736060026E+00  0.2062878443E+00
  0.1759873395E+00  0.1790335192E+00
  0.1092716517E+00  0.1679839310E+00
  0.1744794151E+00  0.2421767797E+00
  0.1154616833E+00  0.2195836182E+00
  0.5742340260E-01  0.2319989111E+00
  0.1247493768E+00  0.2214771781E+00
  0.1384025376E+00  0.2577214866E+00
  0.5857232956E-01  0.2227918517E+00
  0.8815266294E-01  0.2253384819E+00
  0.1303729202E+00  0.2530029087E+00
  0.1041684165E+00  0.2420552978E+00
  0.6728153802E-01  0.2159403394E+00
  0.1115293682E+00  0.2530997969E+00
  0.1111972570E+00  0.2425051209E+00
  0.7889867813E-01  0.2443385298E+00
  0.9128983871E-01  0.2188353418E+00
  0.1163579896E+00  0.2542977651E+00
  0.0000000000E+00  0.2489315255E+00
 CONTINUED FRACTION COEFFICIENTS A(I),B2(I),I=1, 22
 -0.1622763281E+00  0.1000000000E+01
 -0.2308004860E-01  0.6145164819E-01
  0.2342115102E+00  0.1713533467E+00
  0.1263125762E+00  0.1612613749E+00
  0.1407330265E+00  0.1589734197E+00
  0.1068034871E+00  0.1475593696E+00
  0.2055223700E+00  0.2158125283E+00
  0.3827808624E-01  0.2477427514E+00
  0.7045372261E-01  0.1905948707E+00
  0.1603062227E+00  0.2517571992E+00
  0.1254011770E+00  0.2336845969E+00
  0.4388140962E-01  0.2161572314E+00
  0.1116227578E+00  0.2354681902E+00
  0.1170232871E+00  0.2612547216E+00
  0.7298498638E-01  0.2375945709E+00
  0.8842002551E-01  0.2071432275E+00
  0.1168533108E+00  0.2651676981E+00
  0.8051580406E-01  0.2467953172E+00
  0.7870380712E-01  0.2245343387E+00
  0.1143491129E+00  0.2372853201E+00
  0.1159859355E+00  0.2577897493E+00
  0.0000000000E+00  0.2321265703E+00
 CONTINUED FRACTION COEFFICIENTS A(I),B2(I),I=1, 22
 -0.1612416919E+00  0.1000000000E+01
  0.2645158912E-01  0.8287515782E-01
  0.2192869623E+00  0.1312273999E+00
  0.1200285439E+00  0.1928412290E+00
  0.2194721315E+00  0.1781005380E+00
  0.7381484922E-01  0.1588315594E+00
  0.1866555985E+00  0.2480232429E+00
  0.1060544661E+00  0.2186680022E+00
  0.6152361109E-01  0.2248297712E+00
  0.1132160923E+00  0.2283730886E+00
  0.1492053149E+00  0.2515558906E+00
  0.5143790440E-01  0.2229760485E+00
  0.8924395116E-01  0.2290456951E+00
  0.1292190069E+00  0.2478881484E+00
  0.9744141372E-01  0.2409354845E+00
  0.6906219467E-01  0.2170995839E+00
  0.1091294810E+00  0.2497905386E+00
  0.1092502271E+00  0.2455205507E+00
  0.7949491681E-01  0.2394611636E+00
  0.8778424151E-01  0.2212081565E+00
  0.1208702712E+00  0.2540284064E+00
  0.0000000000E+00  0.2455868754E+00
 CONTINUED FRACTION COEFFICIENTS A(I),B2(I),I=1, 22
 -0.1897532945E+00  0.1000000000E+01
  0.3325374163E-01  0.7051888977E-01
  0.2099228461E+00  0.1581825917E+00
  0.1115771076E+00  0.1711263719E+00
  0.1899579491E+00  0.1623401005E+00
  0.9467387586E-01  0.1642978369E+00
  0.1979477750E+00  0.2286828208E+00
  0.8231767626E-01  0.2389846349E+00
  0.7440683583E-01  0.2120044402E+00
  0.1266982086E+00  0.2387573515E+00
  0.1478791761E+00  0.2432567388E+00
  0.4060512114E-01  0.2224737108E+00
  0.1134513225E+00  0.2345722394E+00
  0.1145174223E+00  0.2519477816E+00
  0.9863661001E-01  0.2398990311E+00
  0.7190751189E-01  0.2151745508E+00
  0.1151746659E+00  0.2539046851E+00
  0.1041930741E+00  0.2497466673E+00
  0.7831705536E-01  0.2322351781E+00
  0.9774162987E-01  0.2295558345E+00
  0.1218457390E+00  0.2558382091E+00
  0.0000000000E+00  0.2404451678E+00
 CONTINUED FRACTION COEFFICIENTS A(I),B2(I),I=1, 22
 -0.4881304515E-02  0.1000000000E+01
 -0.1639063216E+00  0.2415395590E+00
  0.2322816323E+00  0.9136130016E-01
 -0.1704943099E-01  0.3487868124E+00
  0.9229551766E-01  0.2065876937E+00
  0.3538346413E-01  0.2232385430E+00
  0.1563740717E+00  0.2106254913E+00
  0.3463099667E-01  0.2934196639E+00
  0.1092205301E+00  0.2074727889E+00
  0.6802870250E-01  0.2174158412E+00
  0.1267631949E+00  0.2755112556E+00
  0.8559307985E-01  0.2326674546E+00
  0.6260606998E-01  0.2190417859E+00
  0.9856602289E-01  0.2689196700E+00
  0.1414370962E+00  0.2354032882E+00
  0.2801572312E-01  0.2289525847E+00
  0.1060775095E+00  0.2458062856E+00
  0.1271097093E+00  0.2439856986E+00
  0.5837740795E-01  0.2463210445E+00
  0.8699364160E-01  0.2235666111E+00
  0.1151287839E+00  0.2618412013E+00
  0.0000000000E+00  0.2323868000E+00
 CONTINUED FRACTION COEFFICIENTS A(I),B2(I),I=1, 22
  0.5868095826E+00  0.1000000000E+01
 -0.4863668021E-02  0.1691052380E+00
  0.2621598377E+00  0.1712651359E+00
  0.4875972839E-01  0.1983464404E+00
  0.2102350832E+00  0.2517108298E+00
  0.4093276480E-01  0.2128106317E+00
  0.8891666728E-01  0.2436550129E+00
  0.1416794915E+00  0.2269741297E+00
  0.8289227294E-01  0.2487473752E+00
  0.8650739623E-01  0.2169750671E+00
  0.1195717987E+00  0.2543059534E+00
  0.9840363830E-01  0.2366226970E+00
  0.8705360482E-01  0.2448219192E+00
  0.9289107600E-01  0.2273014504E+00
  0.1169781929E+00  0.2615492542E+00
  0.8114764895E-01  0.2382027917E+00
  0.8420325100E-01  0.2282507318E+00
  0.1055990262E+00  0.2511358269E+00
  0.9237673649E-01  0.2435697464E+00
  0.8029460773E-01  0.2369795502E+00
  0.1024064078E+00  0.2411945657E+00
  0.0000000000E+00  0.2474481000E+00
 CONTINUED FRACTION COEFFICIENTS A(I),B2(I),I=1, 22
  0.4609741714E+00  0.1000000000E+01
  0.3212573470E-01  0.1691052380E+00
  0.2960420793E+00  0.1883590680E+00
 -0.3977167738E-02  0.1910494391E+00
  0.2101665884E+00  0.2243362269E+00
  0.7871016882E-01  0.2327883588E+00
  0.8280278517E-01  0.2555701782E+00
  0.9947995901E-01  0.2063980863E+00
  0.1205070257E+00  0.2523336357E+00
  0.8993324021E-01  0.2298465982E+00
  0.9161331614E-01  0.2452561537E+00
  0.1022479874E+00  0.2270107402E+00
  0.1132651105E+00  0.2586087148E+00
  0.6623957803E-01  0.2271640502E+00
  0.1043216711E+00  0.2453431387E+00
  0.1099970048E+00  0.2455186117E+00
  0.7758821771E-01  0.2371219177E+00
  0.8173273489E-01  0.2388534657E+00
  0.1021551688E+00  0.2391254993E+00
  0.9441785109E-01  0.2470423338E+00
  0.8145374439E-01  0.2389363630E+00
  0.0000000000E+00  0.2379734162E+00
 CONTINUED FRACTION COEFFICIENTS A(I),B2(I),I=1, 22
  0.3351387601E+00  0.1000000000E+01
 -0.7913289307E-01  0.1374361365E+00
  0.1987007920E+00  0.1160185476E+00
  0.4753169453E-01  0.2373123672E+00
  0.1271788832E+00  0.1976008742E+00
 -0.2816524028E-01  0.2045726969E+00
  0.1201585566E+00  0.2177100158E+00
  0.9967599201E-01  0.2315754043E+00
  0.1063946390E+00  0.2432860573E+00
  0.3209664125E-01  0.2151017989E+00
  0.1303282541E+00  0.2322739894E+00
  0.8174195538E-01  0.2463102451E+00
  0.9839992717E-01  0.2350848807E+00
  0.6430142667E-01  0.2331647490E+00
  0.1053049457E+00  0.2417700784E+00
  0.9724018699E-01  0.2409341050E+00
  0.6587362764E-01  0.2337157376E+00
  0.1029814973E+00  0.2388994381E+00
  0.1070625790E+00  0.2494226344E+00
  0.7814364791E-01  0.2422591177E+00
  0.7906849736E-01  0.2333679622E+00
  0.0000000000E+00  0.2402084480E+00
 CONTINUED FRACTION COEFFICIENTS A(I),B2(I),I=1, 22
 -0.1161483551E+00  0.1000000000E+01
 -0.3263627758E-01  0.7190637923E-01
  0.2422768819E+00  0.1516918211E+00
  0.1930319094E+00  0.1911910920E+00
  0.1373381033E+00  0.1763349609E+00
  0.1322391951E+00  0.1640294124E+00
  0.1840539997E+00  0.2350578722E+00
  0.4407396725E-01  0.2326075700E+00
  0.9104885709E-01  0.2074026656E+00
  0.1270511803E+00  0.2394986596E+00
  0.1430269942E+00  0.2413470613E+00
  0.5379807574E-01  0.2131073447E+00
  0.1078131486E+00  0.2406766023E+00
  0.1156337521E+00  0.2573728544E+00
  0.8202263453E-01  0.2377574101E+00
  0.9323105430E-01  0.2140254317E+00
  0.1170026282E+00  0.2592877195E+00
  0.8055283114E-01  0.2433168424E+00
  0.7673642327E-01  0.2344467559E+00
  0.1207494963E+00  0.2297341907E+00
  0.1119769765E+00  0.2567416729E+00
  0.0000000000E+00  0.2395934886E+00
 CONTINUED FRACTION COEFFICIENTS A(I),B2(I),I=1, 22
 -0.1249446392E+00  0.1000000000E+01
 -0.8140488008E-02  0.8356322294E-01
  0.2661954729E+00  0.1407733750E+00
  0.1696083029E+00  0.2063489275E+00
  0.1704079956E+00  0.1791566881E+00
  0.9814492191E-01  0.1691669656E+00
  0.1662799706E+00  0.2400249335E+00
  0.1036338176E+00  0.2200458526E+00
  0.5686778551E-01  0.2327281159E+00
  0.1268174101E+00  0.2128641057E+00
  0.1480905688E+00  0.2531197815E+00
  0.6015878403E-01  0.2239856977E+00
  0.8393486136E-01  0.2307170404E+00
  0.1198012765E+00  0.2560636830E+00
  0.9693450053E-01  0.2443000064E+00
  0.7980822769E-01  0.2164639498E+00
  0.1103316281E+00  0.2469243869E+00
  0.9346900957E-01  0.2456683545E+00
  0.8548161176E-01  0.2471640116E+00
  0.9819031840E-01  0.2160183794E+00
  0.1180512486E+00  0.2562829852E+00
  0.0000000000E+00  0.2494623343E+00
 CONTINUED FRACTION COEFFICIENTS A(I),B2(I),I=1, 22
 -0.1633247824E+00  0.1000000000E+01
 -0.2408614643E-01  0.6144746534E-01
  0.2330147777E+00  0.1707231594E+00
  0.1235104264E+00  0.1612646009E+00
  0.1351510731E+00  0.1587361605E+00
  0.9776917614E-01  0.1484873816E+00
  0.1952814655E+00  0.2144000885E+00
  0.3560947921E-01  0.2496601310E+00
  0.6144572004E-01  0.1909897922E+00
  0.1533130304E+00  0.2526154646E+00
  0.1285751240E+00  0.2296985507E+00
  0.5036142316E-01  0.2092151437E+00
  0.1132487346E+00  0.2335595704E+00
  0.1203480875E+00  0.2621351296E+00
  0.7269329385E-01  0.2342340864E+00
  0.9153298522E-01  0.2069897018E+00
  0.1310193170E+00  0.2655473096E+00
  0.6419565932E-01  0.2461244197E+00
  0.7617211402E-01  0.2260541885E+00
  0.1176164994E+00  0.2330705543E+00
  0.1162632855E+00  0.2592703972E+00
  0.0000000000E+00  0.2318950527E+00
 CONTINUED FRACTION COEFFICIENTS A(I),B2(I),I=1, 22
 -0.1622597802E+00  0.1000000000E+01
  0.2538708766E-01  0.8286701307E-01
  0.2179677490E+00  0.1308318141E+00
  0.1155953809E+00  0.1930531833E+00
  0.2146515837E+00  0.1780251467E+00
  0.6238542258E-01  0.1602532418E+00
  0.1805287150E+00  0.2456371206E+00
  0.9746997371E-01  0.2209400234E+00
  0.5996427245E-01  0.2256862521E+00
  0.1161773508E+00  0.2201021374E+00
  0.1550770210E+00  0.2453261444E+00
  0.5128030821E-01  0.2235641909E+00
  0.8792052563E-01  0.2344082593E+00
  0.1187760066E+00  0.2524277502E+00
  0.9214695243E-01  0.2435561104E+00
  0.8302314963E-01  0.2178536556E+00
  0.1072290997E+00  0.2435000170E+00
  0.9189341917E-01  0.2507101481E+00
  0.8391119874E-01  0.2393710100E+00
  0.8957912046E-01  0.2179954281E+00
  0.1296664780E+00  0.2560171725E+00
  0.0000000000E+00  0.2474935045E+00
 CONTINUED FRACTION COEFFICIENTS A(I),B2(I),I=1, 22
 -0.1907786371E+00  0.1000000000E+01
  0.3221425900E-01  0.7051395949E-01
  0.2086808276E+00  0.1576671271E+00
  0.1076507150E+00  0.1712395542E+00
  0.1842946372E+00  0.1620095135E+00
  0.8364960746E-01  0.1654629424E+00
  0.1880110749E+00  0.2259370916E+00
  0.7769713230E-01  0.2411664329E+00
  0.6858172593E-01  0.2124782265E+00
  0.1239387727E+00  0.2336046946E+00
  0.1525123286E+00  0.2367335808E+00
  0.4231364236E-01  0.2192190597E+00
  0.1133924503E+00  0.2368741505E+00
  0.1086005986E+00  0.2562422637E+00
  0.9631240126E-01  0.2406435251E+00
  0.8098812741E-01  0.2165098732E+00
  0.1184626088E+00  0.2504780471E+00
  0.8766281763E-01  0.2518021960E+00
  0.7855973426E-01  0.2339876310E+00
  0.1012261773E+00  0.2241322251E+00
  0.1273382701E+00  0.2582354341E+00
  0.0000000000E+00  0.2422822388E+00
 CONTINUED FRACTION COEFFICIENTS A(I),B2(I),I=1, 22
 -0.2794944682E-02  0.1000000000E+01
 -0.1636760335E+00  0.2407060900E+00
  0.2322440915E+00  0.9126486292E-01
 -0.1726658800E-01  0.3483481381E+00
  0.9157118770E-01  0.2065663151E+00
  0.3434153711E-01  0.2230995357E+00
  0.1533739511E+00  0.2105358604E+00
  0.3053382801E-01  0.2947745584E+00
  0.1023506548E+00  0.2078160255E+00
  0.5952247899E-01  0.2182514720E+00
  0.1261792977E+00  0.2721514697E+00
  0.8450364656E-01  0.2307860247E+00
  0.6223033562E-01  0.2159945395E+00
  0.9581012366E-01  0.2634096681E+00
  0.1406838701E+00  0.2391626578E+00
  0.2892678391E-01  0.2323298485E+00
  0.1035111917E+00  0.2447407173E+00
  0.1330720115E+00  0.2435763790E+00
  0.5318692020E-01  0.2462321538E+00
  0.8847639915E-01  0.2252210893E+00
  0.1087069955E+00  0.2570765627E+00
  0.0000000000E+00  0.2327985807E+00
 CONTINUED FRACTION COEFFICIENTS A(I),B2(I),I=1, 22
  0.5869471850E+00  0.1000000000E+01
 -0.4395779891E-02  0.1683468323E+00
  0.2617442561E+00  0.1711786195E+00
  0.4849799817E-01  0.1978806225E+00
  0.2101181465E+00  0.2516679094E+00
  0.4010270164E-01  0.2128166841E+00
  0.8729108899E-01  0.2436056119E+00
  0.1374629492E+00  0.2273160491E+00
  0.7726761028E-01  0.2502590316E+00
  0.7880880130E-01  0.2178832982E+00
  0.1172026677E+00  0.2527038707E+00
  0.9676926820E-01  0.2333925503E+00
  0.8297949673E-01  0.2420199959E+00
  0.9211280536E-01  0.2225035006E+00
  0.1143980918E+00  0.2588216521E+00
  0.8133289495E-01  0.2432382929E+00
  0.9008712210E-01  0.2281214887E+00
  0.1052329970E+00  0.2516637204E+00
  0.9926534247E-01  0.2447119748E+00
  0.7868451172E-01  0.2367627524E+00
  0.9696213500E-01  0.2407576137E+00
  0.0000000000E+00  0.2478676028E+00
 CONTINUED FRACTION COEFFICIENTS A(I),B2(I),I=1, 22
  0.4612411159E+00  0.1000000000E+01
  0.3261600417E-01  0.1683468323E+00
  0.2957076934E+00  0.1882992951E+00
 -0.4377030564E-02  0.1905701220E+00
  0.2098364402E+00  0.2241561370E+00
  0.7804849743E-01  0.2328154732E+00
  0.8151135464E-01  0.2556391283E+00
  0.9510909375E-01  0.2068001323E+00
  0.1152096574E+00  0.2536167570E+00
  0.8386039013E-01  0.2313882427E+00
  0.9017816584E-01  0.2445259338E+00
  0.9997320681E-01  0.2238111712E+00
  0.1118355160E+00  0.2563186893E+00
  0.6834857173E-01  0.2235909865E+00
  0.9833356495E-01  0.2431591746E+00
  0.1099801527E+00  0.2487590542E+00
  0.8578609741E-01  0.2378517795E+00
  0.8170758628E-01  0.2406121906E+00
  0.1073755774E+00  0.2391547978E+00
  0.9431576175E-01  0.2470809973E+00
  0.7654473092E-01  0.2391044691E+00
  0.0000000000E+00  0.2373604094E+00
 CONTINUED FRACTION COEFFICIENTS A(I),B2(I),I=1, 22
  0.3355350467E+00  0.1000000000E+01
 -0.7897758560E-01  0.1367428007E+00
  0.1987036389E+00  0.1158958679E+00
  0.4735883299E-01  0.2370107814E+00
  0.1266409876E+00  0.1974860792E+00
 -0.2956056403E-01  0.2044427533E+00
  0.1174790442E+00  0.2172808224E+00
  0.9449845316E-01  0.2320256668E+00
  0.9983186498E-01  0.2441745819E+00
  0.2479041569E-01  0.2160981035E+00
  0.1263609846E+00  0.2287351877E+00
  0.7949008338E-01  0.2428692721E+00
  0.1015863485E+00  0.2338272562E+00
  0.6777330246E-01  0.2301665362E+00
  0.1028401445E+00  0.2437487685E+00
  0.1022196548E+00  0.2452871062E+00
  0.6492878304E-01  0.2325009582E+00
  0.9892836805E-01  0.2380683832E+00
  0.1049790943E+00  0.2453444499E+00
  0.7847506051E-01  0.2415330354E+00
  0.7652925704E-01  0.2349428565E+00
  0.0000000000E+00  0.2387143364E+00
 CONTINUED FRACTION COEFFICIENTS A(I),B2(I),I=1, 22
 -0.1149468471E+00  0.1000000000E+01
 -0.3257412606E-01  0.7167797920E-01
  0.2421140637E+00  0.1515265368E+00
  0.1927785788E+00  0.1910192970E+00
  0.1369474830E+00  0.1762319830E+00
  0.1310381540E+00  0.1639393469E+00
  0.1823294015E+00  0.2350611306E+00
  0.4122552212E-01  0.2331273024E+00
  0.8466341305E-01  0.2078287362E+00
  0.1200288072E+00  0.2397412809E+00
  0.1387089799E+00  0.2408712272E+00
  0.5341826167E-01  0.2114057474E+00
  0.1071933033E+00  0.2328671267E+00
  0.1158180971E+00  0.2527502248E+00
  0.8539769970E-01  0.2379130370E+00
  0.8874802306E-01  0.2148117704E+00
  0.1194082193E+00  0.2588500849E+00
  0.8823774719E-01  0.2436298564E+00
  0.7555095013E-01  0.2350341053E+00
  0.1180841764E+00  0.2287292143E+00
  0.1096764293E+00  0.2548586204E+00
  0.0000000000E+00  0.2406065474E+00
 CONTINUED FRACTION COEFFICIENTS A(I),B2(I),I=1, 22
 -0.1237905895E+00  0.1000000000E+01
 -0.8042546088E-02  0.8329959554E-01
  0.2662478646E+00  0.1405715098E+00
  0.1695793968E+00  0.2060617966E+00
  0.1701501062E+00  0.1789436862E+00
  0.9703494178E-01  0.1689815484E+00
  0.1646157212E+00  0.2399037589E+00
  0.9970101967E-01  0.2204344534E+00
  0.5042377039E-01  0.2336918975E+00
  0.1188921623E+00  0.2127458368E+00
  0.1463322571E+00  0.2514053801E+00
  0.6588066529E-01  0.2204011316E+00
  0.8541860531E-01  0.2230376734E+00
  0.1200379078E+00  0.2513824691E+00
  0.1012280878E+00  0.2442903219E+00
  0.7179719048E-01  0.2205572060E+00
  0.1120922921E+00  0.2481383783E+00
  0.1016543460E+00  0.2436070675E+00
  0.8316439439E-01  0.2468601635E+00
  0.9362178005E-01  0.2162480841E+00
  0.1158705554E+00  0.2547293413E+00
  0.0000000000E+00  0.2484432971E+00
 CONTINUED FRACTION COEFFICIENTS A(I),B2(I),I=1, 22
 -0.1621272789E+00  0.1000000000E+01
 -0.2405081482E-01  0.6125804782E-01
  0.2327184450E+00  0.1705759130E+00
  0.1231109668E+00  0.1612327298E+00
  0.1344623469E+00  0.1586554803E+00
  0.9577390407E-01  0.1485149421E+00
  0.1928371869E+00  0.2143523644E+00
  0.3425327076E-01  0.2505461565E+00
  0.5698886625E-01  0.1913400714E+00
  0.1476192421E+00  0.2526598966E+00
  0.1210911281E+00  0.2316855593E+00
  0.4795265917E-01  0.2110555919E+00
  0.1104084134E+00  0.2290307697E+00
  0.1186671771E+00  0.2588438791E+00
  0.7492854781E-01  0.2339380980E+00
  0.8985837538E-01  0.2049773468E+00
  0.1302741223E+00  0.2608604754E+00
  0.6711922326E-01  0.2468019963E+00
  0.8079154884E-01  0.2280786387E+00
  0.1210043813E+00  0.2329342729E+00
  0.1140472633E+00  0.2575160394E+00
  0.0000000000E+00  0.2322567061E+00
 CONTINUED FRACTION COEFFICIENTS A(I),B2(I),I=1, 22
 -0.1611400390E+00  0.1000000000E+01
  0.2547539297E-01  0.8260210485E-01
  0.2180692583E+00  0.1306505304E+00
  0.1155254752E+00  0.1927528998E+00
  0.2144182833E+00  0.1778318319E+00
  0.6114850019E-01  0.1600905685E+00
  0.1790562202E+00  0.2454672172E+00
  0.9405615698E-01  0.2215337474E+00
  0.5381594794E-01  0.2266630286E+00
  0.1099587007E+00  0.2207691473E+00
  0.1543730330E+00  0.2441406860E+00
  0.5807208824E-01  0.2199327740E+00
  0.8973622531E-01  0.2276311185E+00
  0.1192331487E+00  0.2475522764E+00
  0.9402234615E-01  0.2429285904E+00
  0.7387825574E-01  0.2218593469E+00
  0.1110225852E+00  0.2441073838E+00
  0.1008469761E+00  0.2492462948E+00
  0.8271759821E-01  0.2402121060E+00
  0.8773492238E-01  0.2187661610E+00
  0.1249068714E+00  0.2544218966E+00
  0.0000000000E+00  0.2453955313E+00
 CONTINUED FRACTION COEFFICIENTS A(I),B2(I),I=1, 22
 -0.1896457460E+00  0.1000000000E+01
  0.3225030074E-01  0.7028299783E-01
  0.2086577919E+00  0.1575133970E+00
  0.1074307060E+00  0.1710613175E+00
  0.1838931521E+00  0.1618788447E+00
  0.8222574283E-01  0.1653845532E+00
  0.1862334833E+00  0.2257008748E+00
  0.7512665514E-01  0.2418443066E+00
  0.6274428555E-01  0.2131032177E+00
  0.1176445332E+00  0.2338136263E+00
  0.1478749435E+00  0.2365801948E+00
  0.4475673107E-01  0.2175366384E+00
  0.1127450193E+00  0.2297531525E+00
  0.1074388357E+00  0.2513663747E+00
  0.9836030874E-01  0.2394800232E+00
  0.7487541835E-01  0.2180249761E+00
  0.1188981573E+00  0.2481312744E+00
  0.9564130719E-01  0.2520140571E+00
  0.8118396977E-01  0.2355890181E+00
  0.1004292995E+00  0.2247780564E+00
  0.1232360255E+00  0.2565682938E+00
  0.0000000000E+00  0.2413061691E+00
