 CONTINUED FRACTION COEFFICIENTS A(I),B2(I),I=1, 22
  0.4804168372E+00  0.1000000000E+01
  0.1715253591E+00  0.2932203517E-01
  0.1783954774E+00  0.7137358663E-01
  0.1972488917E+00  0.1109944242E+00
  0.1112947433E+00  0.1488526928E+00
  0.9638665475E-01  0.1395158250E+00
  0.1023653291E+00  0.1579056771E+00
  0.8292921635E-01  0.2293926569E+00
  0.6340615074E-01  0.2171215085E+00
  0.1726459466E+00  0.2505014777E+00
  0.6240658582E-01  0.2050600705E+00
  0.1588491908E+00  0.2858427728E+00
  0.6949356762E-01  0.2563742592E+00
  0.7019677821E-01  0.1871436382E+00
  0.1142261869E+00  0.2533784900E+00
  0.3541103553E-01  0.2640258653E+00
  0.1888763202E+00  0.2057418056E+00
  0.6175116045E-01  0.2684348371E+00
  0.7255084605E-01  0.2344986174E+00
  0.1068958793E+00  0.2454404593E+00
  0.7421141003E-01  0.2235544136E+00
  0.0000000000E+00  0.2408566218E+00
 CONTINUED FRACTION COEFFICIENTS A(I),B2(I),I=1, 22
  0.4505751559E+00  0.1000000000E+01
  0.2242079638E+00  0.1188876952E-01
  0.1773301418E+00  0.8787883403E-01
  0.2349266248E+00  0.9349290145E-01
  0.9792492288E-01  0.1396376994E+00
  0.1021668439E+00  0.1258525804E+00
  0.9761540268E-01  0.1675652677E+00
  0.7457404849E-01  0.1975303372E+00
  0.7695061335E-01  0.2203115439E+00
  0.1507014627E+00  0.2616537766E+00
  0.1196585100E+00  0.2071128184E+00
  0.1057562091E+00  0.2785059100E+00
  0.6154288123E-01  0.2412772511E+00
  0.1323085619E+00  0.2183907823E+00
  0.5167086155E-01  0.2249847950E+00
  0.9983826276E-01  0.2687952638E+00
  0.1373318218E+00  0.2358901849E+00
  0.7497969844E-01  0.2278189131E+00
  0.9840830684E-01  0.2556206703E+00
  0.5903575374E-01  0.2415682936E+00
  0.1226449260E+00  0.2218049276E+00
  0.0000000000E+00  0.2537020739E+00
 CONTINUED FRACTION COEFFICIENTS A(I),B2(I),I=1, 22
  0.4505758771E+00  0.1000000000E+01
  0.2215907271E+00  0.1188876952E-01
  0.1795003178E+00  0.8923620499E-01
  0.2495827779E+00  0.9627164513E-01
  0.1092287323E+00  0.1409058191E+00
  0.1171919949E+00  0.1313792236E+00
  0.1106752589E+00  0.1737657148E+00
  0.7331503536E-01  0.1993687838E+00
  0.5941464099E-01  0.2140912125E+00
  0.1200668557E+00  0.2485823815E+00
  0.1267741254E+00  0.2005916147E+00
  0.1263324976E+00  0.2882530085E+00
  0.7372020489E-01  0.2496978469E+00
  0.1273928494E+00  0.2226876168E+00
  0.4371045560E-01  0.2182491068E+00
  0.8110192245E-01  0.2625341131E+00
  0.1372428086E+00  0.2308917062E+00
  0.9241927383E-01  0.2309619783E+00
  0.1097566420E+00  0.2664975016E+00
  0.5386162328E-01  0.2418342413E+00
  0.1095677465E+00  0.2177613606E+00
  0.0000000000E+00  0.2460142145E+00
 CONTINUED FRACTION COEFFICIENTS A(I),B2(I),I=1, 22
  0.4505765983E+00  0.1000000000E+01
  0.2189734903E+00  0.1188876952E-01
  0.1817564442E+00  0.9057988359E-01
  0.2628821445E+00  0.9894396787E-01
  0.1164077673E+00  0.1413672497E+00
  0.1204180453E+00  0.1343419057E+00
  0.1090539459E+00  0.1742080793E+00
  0.6685972446E-01  0.1971111954E+00
  0.5226145329E-01  0.2094434638E+00
  0.1122812982E+00  0.2450315374E+00
  0.1343018607E+00  0.2002186198E+00
  0.1312535524E+00  0.2928292603E+00
  0.7154028238E-01  0.2497899648E+00
  0.1197671359E+00  0.2212176765E+00
  0.4576837485E-01  0.2153823828E+00
  0.7965767252E-01  0.2640233261E+00
  0.1383217113E+00  0.2309664431E+00
  0.9230554630E-01  0.2298758404E+00
  0.1103964786E+00  0.2681002376E+00
  0.5255004646E-01  0.2411949066E+00
  0.1070877969E+00  0.2164114454E+00
  0.0000000000E+00  0.2456802796E+00
 CONTINUED FRACTION COEFFICIENTS A(I),B2(I),I=1, 22
  0.1617545146E+00  0.1000000000E+01
  0.2904908024E+00  0.9183725720E-03
  0.1743471164E+00  0.1089855202E+00
  0.2615362014E+00  0.7592863219E-01
  0.1610154927E+00  0.1252957986E+00
  0.1606845904E+00  0.1216208835E+00
  0.8734308116E-01  0.1559417354E+00
  0.8748298300E-01  0.1909199457E+00
  0.6350330963E-01  0.1882817008E+00
  0.5661916799E-01  0.2362812816E+00
  0.1420508177E+00  0.2097973027E+00
  0.1399900723E+00  0.2613225399E+00
  0.6936703737E-01  0.2449792887E+00
  0.1184718071E+00  0.2620552561E+00
  0.7991523984E-01  0.1899597899E+00
  0.7098027700E-01  0.2746414180E+00
  0.8413075391E-01  0.2212665658E+00
  0.1450962379E+00  0.2434309348E+00
  0.9069619423E-01  0.2516199901E+00
  0.6156745534E-01  0.2423599343E+00
  0.1043671880E+00  0.2350838172E+00
  0.0000000000E+00  0.2320612689E+00
 CONTINUED FRACTION COEFFICIENTS A(I),B2(I),I=1, 22
  0.1621726966E+00  0.1000000000E+01
  0.2920882759E+00  0.1076078706E-02
  0.1543528853E+00  0.9879996262E-01
  0.2795577320E+00  0.8346565750E-01
  0.1496835417E+00  0.1339085121E+00
  0.1528876372E+00  0.1249308907E+00
  0.9507367357E-01  0.1651988004E+00
  0.1018706340E+00  0.1952206161E+00
  0.2736230460E-01  0.1932862167E+00
  0.5900075683E-01  0.2272294715E+00
  0.1588243274E+00  0.2091441381E+00
  0.1150446852E+00  0.2674421848E+00
  0.8966475478E-01  0.2457852977E+00
  0.1252699252E+00  0.2652982114E+00
  0.5485778639E-01  0.1866921877E+00
  0.8678703216E-01  0.2746131624E+00
  0.8496805361E-01  0.2258718887E+00
  0.1455956722E+00  0.2401740299E+00
  0.8988356516E-01  0.2509311387E+00
  0.6624000468E-01  0.2506038661E+00
  0.1035539961E+00  0.2302374981E+00
  0.0000000000E+00  0.2292489623E+00
 CONTINUED FRACTION COEFFICIENTS A(I),B2(I),I=1, 22
  0.1613385106E+00  0.1000000000E+01
  0.2791689619E+00  0.7603179039E-03
  0.1917645139E+00  0.1247622326E+00
  0.2345285480E+00  0.6433933827E-01
  0.2098301299E+00  0.1160821344E+00
  0.1801289285E+00  0.1177723777E+00
  0.1123079300E+00  0.1303029823E+00
  0.6122814687E-01  0.1889999898E+00
  0.1005764327E+00  0.1762995724E+00
  0.3935125364E-01  0.2144249779E+00
  0.5648900199E-01  0.1862439736E+00
  0.1772591891E+00  0.2432440480E+00
  0.7287464499E-01  0.2307646824E+00
  0.1183172993E+00  0.2634787997E+00
  0.1390586947E+00  0.2101991510E+00
  0.3402736252E-01  0.2563999215E+00
  0.8570883170E-01  0.2141756223E+00
  0.1249869503E+00  0.2365681363E+00
  0.9418493353E-01  0.2440082743E+00
  0.9469889313E-01  0.2475172511E+00
  0.1056978683E+00  0.2400041892E+00
  0.0000000000E+00  0.2323672503E+00
 CONTINUED FRACTION COEFFICIENTS A(I),B2(I),I=1, 22
  0.1621741486E+00  0.1000000000E+01
  0.2868222427E+00  0.1076078707E-02
  0.1542225755E+00  0.1015656099E+00
  0.2959334047E+00  0.8718234186E-01
  0.1562695497E+00  0.1324911329E+00
  0.1509257859E+00  0.1259695358E+00
  0.9122942351E-01  0.1647617190E+00
  0.1014808406E+00  0.1955278260E+00
  0.3892922342E-01  0.1947403373E+00
  0.6533918759E-01  0.2304922134E+00
  0.1559345140E+00  0.2123126175E+00
  0.1082527899E+00  0.2625317078E+00
  0.1046698091E+00  0.2452252797E+00
  0.1240358020E+00  0.2748119733E+00
  0.6679844160E-01  0.1859642218E+00
  0.6745501877E-01  0.2737601176E+00
  0.7596753095E-01  0.2185556747E+00
  0.1448170365E+00  0.2367401708E+00
  0.9887302776E-01  0.2537083773E+00
  0.7261126688E-01  0.2560376207E+00
  0.1006780615E+00  0.2303406043E+00
  0.0000000000E+00  0.2260583731E+00
 CONTINUED FRACTION COEFFICIENTS A(I),B2(I),I=1, 22
  0.1617574186E+00  0.1000000000E+01
  0.2801423226E+00  0.9183725741E-03
  0.1670153906E+00  0.1117304976E+00
  0.2755067857E+00  0.7763635268E-01
  0.1787437484E+00  0.1245600081E+00
  0.1670657689E+00  0.1266125354E+00
  0.9332952739E-01  0.1564489225E+00
  0.7713650483E-01  0.1932617144E+00
  0.6050625410E-01  0.1852377915E+00
  0.3838714133E-01  0.2272612234E+00
  0.1183750151E+00  0.2012514491E+00
  0.1490384865E+00  0.2582695489E+00
  0.9032374609E-01  0.2499602691E+00
  0.1187123115E+00  0.2726255332E+00
  0.8958648408E-01  0.1902317265E+00
  0.5547649863E-01  0.2719672825E+00
  0.7442086001E-01  0.2166435291E+00
  0.1434048010E+00  0.2380402459E+00
  0.1015943092E+00  0.2549329011E+00
  0.6711321333E-01  0.2488629852E+00
  0.1038243392E+00  0.2344385695E+00
  0.0000000000E+00  0.2296857090E+00
 CONTINUED FRACTION COEFFICIENTS A(I),B2(I),I=1, 22
  0.2861046987E+00  0.1000000000E+01
  0.4236240035E-01  0.1634387694E+00
  0.1649260983E+00  0.7710301925E-01
  0.1620005347E+00  0.1523392184E+00
  0.3969170685E-01  0.1621974044E+00
  0.1052016347E+00  0.1723114374E+00
  0.6845233468E-01  0.2230901824E+00
  0.1297129431E+00  0.2457821911E+00
  0.1576706543E+00  0.2325111466E+00
  0.6962674789E-01  0.2364435078E+00
  0.1074653207E+00  0.2795501517E+00
  0.9860719806E-01  0.2021658854E+00
  0.7478398770E-01  0.2346917168E+00
  0.8178479081E-01  0.2565949574E+00
  0.1378491758E+00  0.2372586754E+00
  0.8758723047E-01  0.2410187836E+00
  0.8538281099E-01  0.2415754617E+00
  0.8333721837E-01  0.2434838883E+00
  0.7764213267E-01  0.2334495988E+00
  0.1402552331E+00  0.2357597742E+00
  0.4835734404E-01  0.2540890201E+00
  0.0000000000E+00  0.2416197052E+00
 CONTINUED FRACTION COEFFICIENTS A(I),B2(I),I=1, 22
  0.5504138346E+00  0.1000000000E+01
  0.1217100771E+00  0.8729768698E-01
  0.1916089171E+00  0.1008056788E+00
  0.1943269195E+00  0.1294655617E+00
  0.7721811516E-01  0.1542511908E+00
  0.9840763823E-01  0.1651107383E+00
  0.5788902262E-01  0.2148158254E+00
  0.1035825942E+00  0.2127190323E+00
  0.1200470568E+00  0.2482552651E+00
  0.1524666228E+00  0.2346205052E+00
  0.4691978450E-01  0.2560821182E+00
  0.1301556253E+00  0.2390299107E+00
  0.9513737003E-01  0.2216792329E+00
  0.5785696000E-01  0.2507624814E+00
  0.1001461164E+00  0.2328571843E+00
  0.1235583939E+00  0.2383873964E+00
  0.8863242272E-01  0.2505510619E+00
  0.9931944941E-01  0.2459851042E+00
  0.7371254018E-01  0.2348940886E+00
  0.9252942978E-01  0.2391827789E+00
  0.7783421040E-01  0.2259433797E+00
  0.0000000000E+00  0.2592225857E+00
 CONTINUED FRACTION COEFFICIENTS A(I),B2(I),I=1, 22
  0.5752708302E+00  0.1000000000E+01
  0.1259080749E+00  0.8853342744E-01
  0.2093228174E+00  0.1052074089E+00
  0.2133125178E+00  0.1359908628E+00
  0.8223069798E-01  0.1560264656E+00
  0.1085128370E+00  0.1722511713E+00
  0.4891042019E-01  0.2095530282E+00
  0.9128433100E-01  0.2086343808E+00
  0.1207448713E+00  0.2436756479E+00
  0.1669098109E+00  0.2393638126E+00
  0.5883928389E-01  0.2618679747E+00
  0.1282684975E+00  0.2443885766E+00
  0.8332099170E-01  0.2169948562E+00
  0.4387326381E-01  0.2421468729E+00
  0.1121038503E+00  0.2330991333E+00
  0.1314939797E+00  0.2442158360E+00
  0.8800289925E-01  0.2522463571E+00
  0.9226742202E-01  0.2441742175E+00
  0.7307353190E-01  0.2315849398E+00
  0.9234970476E-01  0.2399105734E+00
  0.8558650473E-01  0.2280878448E+00
  0.0000000000E+00  0.2607076752E+00
 CONTINUED FRACTION COEFFICIENTS A(I),B2(I),I=1, 22
  0.6001278257E+00  0.1000000000E+01
  0.1228516269E+00  0.8853342744E-01
  0.2132532357E+00  0.1062836185E+00
  0.2209091672E+00  0.1379058972E+00
  0.7554481768E-01  0.1554087947E+00
  0.1040974706E+00  0.1737386990E+00
  0.4727762050E-01  0.2041114675E+00
  0.9304363699E-01  0.2096668541E+00
  0.1335550507E+00  0.2476199981E+00
  0.1652178702E+00  0.2425342155E+00
  0.5029442838E-01  0.2589366021E+00
  0.1226113516E+00  0.2393786539E+00
  0.8106326112E-01  0.2159697728E+00
  0.4220242760E-01  0.2411611521E+00
  0.1221175418E+00  0.2348900212E+00
  0.1314527329E+00  0.2470692206E+00
  0.8041954256E-01  0.2505929402E+00
  0.8593883925E-01  0.2401847695E+00
  0.7478194537E-01  0.2295688115E+00
  0.9463630985E-01  0.2418556592E+00
  0.8662917141E-01  0.2295792553E+00
  0.0000000000E+00  0.2602374820E+00
 CONTINUED FRACTION COEFFICIENTS A(I),B2(I),I=1, 22
 -0.1382115178E+00  0.1000000000E+01
  0.2283946699E+00  0.2922621442E-01
  0.2065466769E+00  0.1327142352E+00
  0.2371131725E+00  0.7782765284E-01
  0.1583523982E+00  0.1245578766E+00
  0.1146943699E+00  0.1450479441E+00
  0.6728071145E-01  0.1974075690E+00
  0.1379873755E+00  0.2248606336E+00
  0.1150546191E+00  0.2295269789E+00
  0.1210477772E+00  0.2580186054E+00
  0.1029616719E+00  0.2269679994E+00
  0.8340481391E-01  0.2477429852E+00
  0.8708558358E-01  0.2250649649E+00
  0.1048895136E+00  0.2421202896E+00
  0.9153449384E-01  0.2422046699E+00
  0.1123144509E+00  0.2450158295E+00
  0.7891709008E-01  0.2398836092E+00
  0.1047069225E+00  0.2382200613E+00
  0.6742553337E-01  0.2404865061E+00
  0.1150961559E+00  0.2387616213E+00
  0.8282995823E-01  0.2401262863E+00
  0.0000000000E+00  0.2498289205E+00
 CONTINUED FRACTION COEFFICIENTS A(I),B2(I),I=1, 22
 -0.1246349504E+00  0.1000000000E+01
  0.2221430907E+00  0.3436079434E-01
  0.2040200080E+00  0.1187062543E+00
  0.2684282652E+00  0.8541866709E-01
  0.1441482851E+00  0.1270156123E+00
  0.1203211659E+00  0.1401582447E+00
  0.5941817253E-01  0.2126381878E+00
  0.1410954412E+00  0.2367499036E+00
  0.1203799709E+00  0.2282998597E+00
  0.1096890604E+00  0.2604253827E+00
  0.1063150699E+00  0.2292759783E+00
  0.7692689479E-01  0.2427228881E+00
  0.8692316448E-01  0.2262625355E+00
  0.1100833253E+00  0.2491610702E+00
  0.9627095651E-01  0.2359629367E+00
  0.1074245604E+00  0.2507177873E+00
  0.7778747914E-01  0.2403067413E+00
  0.1036322066E+00  0.2338575136E+00
  0.7165367863E-01  0.2411209636E+00
  0.1125985626E+00  0.2435769553E+00
  0.8930737419E-01  0.2397594467E+00
  0.0000000000E+00  0.2474659953E+00
 CONTINUED FRACTION COEFFICIENTS A(I),B2(I),I=1, 22
 -0.1300257553E+00  0.1000000000E+01
  0.2172563610E+00  0.2453790867E-01
  0.2224681784E+00  0.1523151681E+00
  0.2049677316E+00  0.6822186414E-01
  0.1917833540E+00  0.1276540471E+00
  0.8674750088E-01  0.1555568237E+00
  0.5385327801E-01  0.1662154429E+00
  0.1263007739E+00  0.2035672510E+00
  0.5530961700E-01  0.2015615430E+00
  0.1333107613E+00  0.2305263240E+00
  0.1066534935E+00  0.2228029452E+00
  0.1043642656E+00  0.2500657446E+00
  0.9756539168E-01  0.2284696061E+00
  0.8332375984E-01  0.2231579160E+00
  0.9769844407E-01  0.2446870219E+00
  0.1054155479E+00  0.2354634391E+00
  0.9620721712E-01  0.2360396850E+00
  0.1117883560E+00  0.2463754561E+00
  0.6210880491E-01  0.2371105545E+00
  0.1237283822E+00  0.2332754739E+00
  0.7524202549E-01  0.2405954568E+00
  0.0000000000E+00  0.2446116197E+00
 CONTINUED FRACTION COEFFICIENTS A(I),B2(I),I=1, 22
 -0.1101267304E+00  0.1000000000E+01
  0.2155560921E+00  0.3446603857E-01
  0.2107325127E+00  0.1217674793E+00
  0.2822466482E+00  0.8970575581E-01
  0.1436705214E+00  0.1252435500E+00
  0.1142877115E+00  0.1444176568E+00
  0.5619740749E-01  0.2096501905E+00
  0.1373028905E+00  0.2299688407E+00
  0.1275034415E+00  0.2300837737E+00
  0.1259564656E+00  0.2670713076E+00
  0.1068045683E+00  0.2349162897E+00
  0.6652082354E-01  0.2379812596E+00
  0.7337463059E-01  0.2201655486E+00
  0.1090842767E+00  0.2461473849E+00
  0.1086851664E+00  0.2373300388E+00
  0.1031273858E+00  0.2550614231E+00
  0.8419097556E-01  0.2401574268E+00
  0.9531498838E-01  0.2325123144E+00
  0.6636609640E-01  0.2392045275E+00
  0.1147399456E+00  0.2404687680E+00
  0.9019240357E-01  0.2422835617E+00
  0.0000000000E+00  0.2490010033E+00
 CONTINUED FRACTION COEFFICIENTS A(I),B2(I),I=1, 22
 -0.1091950778E+00  0.1000000000E+01
  0.2152696893E+00  0.2943670286E-01
  0.2118833598E+00  0.1349805556E+00
  0.2632718657E+00  0.8284043553E-01
  0.1587688450E+00  0.1249876204E+00
  0.1000806431E+00  0.1498086562E+00
  0.5965216475E-01  0.1919032243E+00
  0.1201334147E+00  0.2144716816E+00
  0.1152048847E+00  0.2240031352E+00
  0.1341184459E+00  0.2626082151E+00
  0.1180835862E+00  0.2350987783E+00
  0.8187007692E-01  0.2490166169E+00
  0.7087674152E-01  0.2223144228E+00
  0.9772154779E-01  0.2335211536E+00
  0.1024731733E+00  0.2440165367E+00
  0.1118951000E+00  0.2488675565E+00
  0.8450810044E-01  0.2401556320E+00
  0.9836240264E-01  0.2389192863E+00
  0.6517626993E-01  0.2375016749E+00
  0.1125613141E+00  0.2370825424E+00
  0.8794134102E-01  0.2418976376E+00
  0.0000000000E+00  0.2506199191E+00
 CONTINUED FRACTION COEFFICIENTS A(I),B2(I),I=1, 22
  0.1453571308E+00  0.1000000000E+01
 -0.5615698620E-01  0.1837955758E+00
  0.1867860242E+00  0.8198764329E-01
  0.2205251078E-01  0.2232351775E+00
  0.1663091254E+00  0.2283133312E+00
  0.1201978175E+00  0.2238951145E+00
  0.9156049079E-01  0.2601408616E+00
  0.1088856219E+00  0.2139748057E+00
  0.8223643380E-01  0.2628561609E+00
  0.1219903679E+00  0.2248746472E+00
  0.8534922136E-01  0.2440753919E+00
  0.7663377949E-01  0.2418242174E+00
  0.1213549690E+00  0.2379712263E+00
  0.8614921878E-01  0.2437446748E+00
  0.9808700961E-01  0.2395827060E+00
  0.7711442902E-01  0.2428431028E+00
  0.9955222599E-01  0.2337729852E+00
  0.1014041363E+00  0.2496428718E+00
  0.9681273586E-01  0.2373680895E+00
  0.6383997945E-01  0.2449713249E+00
  0.1185467535E+00  0.2390968749E+00
  0.0000000000E+00  0.2325551466E+00
 CONTINUED FRACTION COEFFICIENTS A(I),B2(I),I=1, 22
  0.4721198851E+00  0.1000000000E+01
  0.3546478453E-01  0.1161244305E+00
  0.2139952874E+00  0.1070413564E+00
  0.7166341480E-01  0.1602000474E+00
  0.1222510464E+00  0.2190649214E+00
  0.1395263526E+00  0.2118096704E+00
  0.8127250930E-01  0.2783109663E+00
  0.1146456366E+00  0.2043109734E+00
  0.9523288764E-01  0.2490495271E+00
  0.1028048848E+00  0.2415150266E+00
  0.9367629902E-01  0.2406838336E+00
  0.8777325817E-01  0.2346645100E+00
  0.1079034731E+00  0.2405526849E+00
  0.8996205189E-01  0.2508528449E+00
  0.9997525816E-01  0.2308702565E+00
  0.7374285543E-01  0.2447369770E+00
  0.1169579475E+00  0.2382111669E+00
  0.7605220082E-01  0.2444644539E+00
  0.1040900622E+00  0.2404591112E+00
  0.8850492695E-01  0.2424888143E+00
  0.8324341509E-01  0.2367731195E+00
  0.0000000000E+00  0.2460546457E+00
 CONTINUED FRACTION COEFFICIENTS A(I),B2(I),I=1, 22
  0.4768667885E+00  0.1000000000E+01
  0.2936710170E-01  0.1161694967E+00
  0.2277398933E+00  0.1101818203E+00
  0.1025087805E+00  0.1691872555E+00
  0.1352318401E+00  0.2299159840E+00
  0.1525813448E+00  0.2167559676E+00
  0.6694827808E-01  0.2741604616E+00
  0.1254555271E+00  0.2057334558E+00
  0.9510254971E-01  0.2494949188E+00
  0.1038002196E+00  0.2431608482E+00
  0.8891973610E-01  0.2392140088E+00
  0.9019078147E-01  0.2323391472E+00
  0.1162026276E+00  0.2464896971E+00
  0.8154446451E-01  0.2478854089E+00
  0.9946282050E-01  0.2303426338E+00
  0.7837853629E-01  0.2441347966E+00
  0.1162518551E+00  0.2410373378E+00
  0.7706245747E-01  0.2431183768E+00
  0.1022582695E+00  0.2411463725E+00
  0.8791433849E-01  0.2412473363E+00
  0.8772511559E-01  0.2375523766E+00
  0.0000000000E+00  0.2482090229E+00
 CONTINUED FRACTION COEFFICIENTS A(I),B2(I),I=1, 22
  0.4816136920E+00  0.1000000000E+01
  0.2307867030E-01  0.1161694967E+00
  0.2411307334E+00  0.1132644612E+00
  0.1244008552E+00  0.1769254865E+00
  0.1312474634E+00  0.2339178263E+00
  0.1529767471E+00  0.2145712977E+00
  0.5869284014E-01  0.2697419858E+00
  0.1305919081E+00  0.2070025178E+00
  0.9265034303E-01  0.2480893684E+00
  0.1029346816E+00  0.2437210381E+00
  0.8351858704E-01  0.2371255970E+00
  0.9219524553E-01  0.2298947466E+00
  0.1208448364E+00  0.2515985722E+00
  0.7313802559E-01  0.2439692839E+00
  0.9708705197E-01  0.2288206132E+00
  0.8305251713E-01  0.2444835353E+00
  0.1125213276E+00  0.2413949963E+00
  0.7865824146E-01  0.2427172031E+00
  0.9840351599E-01  0.2406179629E+00
  0.8720464648E-01  0.2396701528E+00
  0.8848863989E-01  0.2379086285E+00
  0.0000000000E+00  0.2485080286E+00
 CONTINUED FRACTION COEFFICIENTS A(I),B2(I),I=1, 22
 -0.1471365309E+00  0.1000000000E+01
  0.1581838696E+00  0.2065418146E-01
  0.2230854642E+00  0.1433004565E+00
  0.1382556637E+00  0.1057170473E+00
  0.1745731511E+00  0.1971120478E+00
  0.1595622927E+00  0.1959790605E+00
  0.8661702797E-01  0.2308147060E+00
  0.1011517630E+00  0.2277725608E+00
  0.1063563082E+00  0.2513091129E+00
  0.1408397959E+00  0.2280893921E+00
  0.5713224227E-01  0.2366295144E+00
  0.1022152445E+00  0.2427412073E+00
  0.9915106544E-01  0.2302138040E+00
  0.1070574458E+00  0.2513766167E+00
  0.9137134237E-01  0.2402272438E+00
  0.7725100732E-01  0.2319491182E+00
  0.9945194274E-01  0.2449515862E+00
  0.1026238726E+00  0.2357652797E+00
  0.8590339743E-01  0.2531729625E+00
  0.9026395352E-01  0.2298663954E+00
  0.9424286492E-01  0.2409701483E+00
  0.0000000000E+00  0.2476123261E+00
 CONTINUED FRACTION COEFFICIENTS A(I),B2(I),I=1, 22
 -0.1416732458E+00  0.1000000000E+01
  0.1561676790E+00  0.2408714413E-01
  0.2152351569E+00  0.1225975095E+00
  0.1537966292E+00  0.1171216370E+00
  0.1643701247E+00  0.2108166175E+00
  0.1826107241E+00  0.1892658929E+00
  0.6626765434E-01  0.2479647777E+00
  0.1069276514E+00  0.2260529910E+00
  0.1113406204E+00  0.2538070375E+00
  0.1319092915E+00  0.2309682853E+00
  0.5308702130E-01  0.2337717058E+00
  0.1174259599E+00  0.2503298060E+00
  0.9352429007E-01  0.2265730663E+00
  0.1030564591E+00  0.2542356392E+00
  0.9766619558E-01  0.2407751957E+00
  0.7880319334E-01  0.2337782470E+00
  0.9618330603E-01  0.2414802152E+00
  0.1014476691E+00  0.2402657248E+00
  0.1006114189E+00  0.2551588748E+00
  0.7344345349E-01  0.2248786419E+00
  0.1042326217E+00  0.2481053109E+00
  0.0000000000E+00  0.2425167097E+00
 CONTINUED FRACTION COEFFICIENTS A(I),B2(I),I=1, 22
 -0.1467922329E+00  0.1000000000E+01
  0.1379195646E+00  0.1723380892E-01
  0.2372985867E+00  0.1710424057E+00
  0.1139220814E+00  0.9106222742E-01
  0.1877152661E+00  0.1907132859E+00
  0.1152423336E+00  0.1913214819E+00
  0.1180464934E+00  0.2038459429E+00
  0.9358050366E-01  0.2362805706E+00
  0.9523828065E-01  0.2326556775E+00
  0.1732995742E+00  0.2303204464E+00
  0.4259860645E-01  0.2325956490E+00
  0.1189606121E+00  0.2333891227E+00
  0.9522134912E-01  0.2349124384E+00
  0.1127608800E+00  0.2462667738E+00
  0.1064959156E+00  0.2373753472E+00
  0.6484116861E-01  0.2321260124E+00
  0.1193015242E+00  0.2459747262E+00
  0.1045105496E+00  0.2339084380E+00
  0.7239328251E-01  0.2478573754E+00
  0.1172321217E+00  0.2365209817E+00
  0.8581635006E-01  0.2342467219E+00
  0.0000000000E+00  0.2519093210E+00
 CONTINUED FRACTION COEFFICIENTS A(I),B2(I),I=1, 22
 -0.1378015238E+00  0.1000000000E+01
  0.1437161059E+00  0.2409463924E-01
  0.2304699255E+00  0.1292615781E+00
  0.1925062432E+00  0.1254453628E+00
  0.1618791841E+00  0.2129585304E+00
  0.2047030306E+00  0.2018902646E+00
  0.5723099899E-01  0.2423469510E+00
  0.1099687208E+00  0.2275196730E+00
  0.1005396128E+00  0.2513305356E+00
  0.1337081974E+00  0.2272264925E+00
  0.5427103135E-01  0.2358203826E+00
  0.1179508766E+00  0.2499647300E+00
  0.9323573360E-01  0.2277084488E+00
  0.1014673801E+00  0.2529356089E+00
  0.8886692531E-01  0.2373152864E+00
  0.8742226764E-01  0.2354606887E+00
  0.9766180696E-01  0.2424531234E+00
  0.9525389454E-01  0.2410546851E+00
  0.9916527850E-01  0.2507178016E+00
  0.7682145762E-01  0.2267414367E+00
  0.1033376668E+00  0.2488767854E+00
  0.0000000000E+00  0.2417133205E+00
 CONTINUED FRACTION COEFFICIENTS A(I),B2(I),I=1, 22
 -0.1393930867E+00  0.1000000000E+01
  0.1337680035E+00  0.2066917169E-01
  0.2285975506E+00  0.1468341426E+00
  0.1716763762E+00  0.1131997188E+00
  0.1600905440E+00  0.1998996157E+00
  0.1825052487E+00  0.1975728793E+00
  0.9613272609E-01  0.2338551806E+00
  0.9917009711E-01  0.2326203572E+00
  0.1083604441E+00  0.2486784358E+00
  0.1320892975E+00  0.2265588901E+00
  0.5698135901E-01  0.2341531379E+00
  0.1121971106E+00  0.2449190219E+00
  0.9627061730E-01  0.2325164304E+00
  0.1075776063E+00  0.2508915280E+00
  0.8100247540E-01  0.2357992919E+00
  0.8795115464E-01  0.2341614890E+00
  0.9781295392E-01  0.2452878830E+00
  0.1015946874E+00  0.2376205570E+00
  0.8352581922E-01  0.2489095619E+00
  0.9105195439E-01  0.2323991384E+00
  0.9891228937E-01  0.2402681724E+00
  0.0000000000E+00  0.2481769143E+00
 CONTINUED FRACTION COEFFICIENTS A(I),B2(I),I=1, 22
  0.4116951937E-01  0.1000000000E+01
 -0.1178751196E+00  0.2316706246E+00
  0.2210244920E+00  0.9055697867E-01
  0.4911407195E-01  0.3195628398E+00
  0.1363601841E+00  0.2156242874E+00
  0.4436444629E-01  0.2290677387E+00
  0.1310840722E+00  0.2120591769E+00
  0.7138900757E-01  0.2690050798E+00
  0.1181846269E+00  0.2321727686E+00
  0.8958240504E-01  0.2258385000E+00
  0.8492703488E-01  0.2595572075E+00
  0.9745824885E-01  0.2330251864E+00
  0.9512066963E-01  0.2273534101E+00
  0.9524824919E-01  0.2601281853E+00
  0.1035916175E+00  0.2383976615E+00
  0.6484429062E-01  0.2341522400E+00
  0.1033608331E+00  0.2347097578E+00
  0.1124717517E+00  0.2591220360E+00
  0.6841248055E-01  0.2337955241E+00
  0.9764990248E-01  0.2354969704E+00
  0.8728926199E-01  0.2481975654E+00
  0.0000000000E+00  0.2357572505E+00
 CONTINUED FRACTION COEFFICIENTS A(I),B2(I),I=1, 22
  0.3772547654E+00  0.1000000000E+01
 -0.2979376298E-01  0.1297613383E+00
  0.2052742416E+00  0.1148614691E+00
  0.8524037803E-01  0.2226866246E+00
  0.1600067931E+00  0.2078082170E+00
  0.1989104349E-01  0.2112484396E+00
  0.1084315854E+00  0.2397189842E+00
  0.1267416858E+00  0.2333296360E+00
  0.1051397290E+00  0.2513991473E+00
  0.7427541862E-01  0.2338133839E+00
  0.1160649884E+00  0.2379148885E+00
  0.7903745056E-01  0.2466929394E+00
  0.1121029415E+00  0.2347686875E+00
  0.9739517159E-01  0.2498149198E+00
  0.9551679046E-01  0.2406407506E+00
  0.6330688298E-01  0.2368487885E+00
  0.1132678644E+00  0.2329704097E+00
  0.1057362153E+00  0.2534870100E+00
  0.8037886109E-01  0.2456173740E+00
  0.8088997942E-01  0.2273090462E+00
  0.9030480916E-01  0.2449180126E+00
  0.0000000000E+00  0.2446652232E+00
 CONTINUED FRACTION COEFFICIENTS A(I),B2(I),I=1, 22
  0.5031928348E+00  0.1000000000E+01
  0.9107131396E-01  0.1614821329E+00
  0.3244030523E+00  0.1911432697E+00
  0.3308729416E-01  0.1878313777E+00
  0.1993536004E+00  0.2167345259E+00
  0.1184079284E+00  0.2323083607E+00
  0.7183764183E-01  0.2673766065E+00
  0.9230655696E-01  0.2101602666E+00
  0.1062661256E+00  0.2382620402E+00
  0.1195220921E+00  0.2498908031E+00
  0.8739238476E-01  0.2470313299E+00
  0.6713929458E-01  0.2251573432E+00
  0.1271115825E+00  0.2452361440E+00
  0.8411430637E-01  0.2456500703E+00
  0.9062435862E-01  0.2361271867E+00
  0.9069715516E-01  0.2402678184E+00
  0.1115117813E+00  0.2482203642E+00
  0.7138030667E-01  0.2359143912E+00
  0.9318713597E-01  0.2387613674E+00
  0.1140160571E+00  0.2456108697E+00
  0.7187201707E-01  0.2445128040E+00
  0.0000000000E+00  0.2369598206E+00
 CONTINUED FRACTION COEFFICIENTS A(I),B2(I),I=1, 22
  0.6291309041E+00  0.1000000000E+01
  0.5558303588E-01  0.1614821329E+00
  0.2808817266E+00  0.1725551248E+00
  0.6892445655E-01  0.1890218721E+00
  0.2184464253E+00  0.2393159197E+00
  0.8032528895E-01  0.2249530766E+00
  0.5190495573E-01  0.2456913146E+00
  0.1303245771E+00  0.2169488526E+00
  0.1087637733E+00  0.2523963590E+00
  0.9427850071E-01  0.2415008828E+00
  0.7920611995E-01  0.2357560821E+00
  0.9193079164E-01  0.2316350211E+00
  0.1196761060E+00  0.2527165991E+00
  0.6944352221E-01  0.2357583031E+00
  0.9758125768E-01  0.2349535676E+00
  0.9649282893E-01  0.2458797726E+00
  0.9713067407E-01  0.2443371719E+00
  0.7455531352E-01  0.2323537083E+00
  0.1001563270E+00  0.2430690577E+00
  0.1045725928E+00  0.2452701240E+00
  0.6669367318E-01  0.2388708278E+00
  0.0000000000E+00  0.2383941630E+00
 CONTINUED FRACTION COEFFICIENTS A(I),B2(I),I=1, 22
 -0.1598509457E+00  0.1000000000E+01
  0.8748651009E-01  0.6523107187E-01
  0.2224389762E+00  0.1543619904E+00
  0.1459888458E+00  0.1543903802E+00
  0.2076853842E+00  0.1843721399E+00
  0.9848781181E-01  0.1701015937E+00
  0.1552505058E+00  0.2184380889E+00
  0.1232880804E+00  0.2416778700E+00
  0.7753901836E-01  0.2284044866E+00
  0.1049127025E+00  0.2304729939E+00
  0.1256096047E+00  0.2315942208E+00
  0.8300643043E-01  0.2425833176E+00
  0.9184264338E-01  0.2315719030E+00
  0.1099316253E+00  0.2424924205E+00
  0.8997178764E-01  0.2459469872E+00
  0.9059541895E-01  0.2261528257E+00
  0.9456607072E-01  0.2422664217E+00
  0.1004171411E+00  0.2479428647E+00
  0.9038784967E-01  0.2424109882E+00
  0.8259245886E-01  0.2245450645E+00
  0.1046063420E+00  0.2511822473E+00
  0.0000000000E+00  0.2473632465E+00
 CONTINUED FRACTION COEFFICIENTS A(I),B2(I),I=1, 22
 -0.1313191266E+00  0.1000000000E+01
  0.7872270045E-01  0.7700140008E-01
  0.2276035911E+00  0.1297783194E+00
  0.1597646391E+00  0.1738798356E+00
  0.2220871982E+00  0.1968949753E+00
  0.9939633950E-01  0.1678449187E+00
  0.1537501157E+00  0.2354380288E+00
  0.1456998155E+00  0.2225374059E+00
  0.7590321248E-01  0.2303324110E+00
  0.1009798014E+00  0.2292449114E+00
  0.1303694254E+00  0.2372603120E+00
  0.9015574261E-01  0.2426026463E+00
  0.7967614288E-01  0.2286872221E+00
  0.1178856126E+00  0.2486001515E+00
  0.8458600194E-01  0.2428211810E+00
  0.9269765216E-01  0.2307466840E+00
  0.1005948418E+00  0.2441825275E+00
  0.9287084818E-01  0.2445221252E+00
  0.9100019602E-01  0.2461295584E+00
  0.9173401447E-01  0.2265896302E+00
  0.9882593123E-01  0.2499168750E+00
  0.0000000000E+00  0.2478243150E+00
 CONTINUED FRACTION COEFFICIENTS A(I),B2(I),I=1, 22
 -0.1321517845E+00  0.1000000000E+01
  0.4060474724E-01  0.5678237548E-01
  0.2500980159E+00  0.1701415842E+00
  0.1455581180E+00  0.1416446461E+00
  0.1953889974E+00  0.1849647126E+00
  0.1029734422E+00  0.1647706101E+00
  0.1573663179E+00  0.2078585417E+00
  0.8547005873E-01  0.2612935126E+00
  0.7998918953E-01  0.2205041403E+00
  0.1242951223E+00  0.2374114423E+00
  0.1148195121E+00  0.2238552597E+00
  0.9514670307E-01  0.2420598292E+00
  0.8129696051E-01  0.2395423844E+00
  0.1131630042E+00  0.2326760665E+00
  0.9864714755E-01  0.2516274150E+00
  0.9596641401E-01  0.2231621275E+00
  0.8827156567E-01  0.2406028997E+00
  0.1007119578E+00  0.2524561607E+00
  0.1012360474E+00  0.2377401939E+00
  0.8570524887E-01  0.2251977753E+00
  0.9812189044E-01  0.2521433547E+00
  0.0000000000E+00  0.2466627454E+00
 CONTINUED FRACTION COEFFICIENTS A(I),B2(I),I=1, 22
 -0.9383180646E-01  0.1000000000E+01
  0.5059223320E-01  0.7770404966E-01
  0.2655108821E+00  0.1392503900E+00
  0.2099757087E+00  0.1857763297E+00
  0.1914368226E+00  0.1972192315E+00
  0.1183273028E+00  0.1747099807E+00
  0.1382029767E+00  0.2281717800E+00
  0.1499718793E+00  0.2186720810E+00
  0.7902939350E-01  0.2397262840E+00
  0.1059299688E+00  0.2252774469E+00
  0.1174489354E+00  0.2384100707E+00
  0.9037790809E-01  0.2409249105E+00
  0.8619261516E-01  0.2269689759E+00
  0.1151353803E+00  0.2538251154E+00
  0.8185718368E-01  0.2399738668E+00
  0.9087092023E-01  0.2288285673E+00
  0.1014949102E+00  0.2453288488E+00
  0.9495427772E-01  0.2444490098E+00
  0.8721137453E-01  0.2467525178E+00
  0.9058602428E-01  0.2242485844E+00
  0.9917960751E-01  0.2501421788E+00
  0.0000000000E+00  0.2499421301E+00
 CONTINUED FRACTION COEFFICIENTS A(I),B2(I),I=1, 22
 -0.8487630537E-01  0.1000000000E+01
  0.3294746562E-01  0.6663637104E-01
  0.2502251272E+00  0.1520123708E+00
  0.2175799731E+00  0.1688364980E+00
  0.1768275554E+00  0.1965206878E+00
  0.1309384443E+00  0.1737896534E+00
  0.1480433768E+00  0.2204219660E+00
  0.1056973611E+00  0.2387283888E+00
  0.9549774475E-01  0.2282751662E+00
  0.1001641265E+00  0.2317129338E+00
  0.1268903066E+00  0.2349520948E+00
  0.8584283235E-01  0.2384232453E+00
  0.8473994791E-01  0.2338985742E+00
  0.1186506843E+00  0.2415233119E+00
  0.8318083314E-01  0.2443951090E+00
  0.9718469544E-01  0.2289646327E+00
  0.9252820062E-01  0.2416745698E+00
  0.9819167567E-01  0.2458533258E+00
  0.9074008284E-01  0.2434203825E+00
  0.8852551637E-01  0.2256859282E+00
  0.9756619087E-01  0.2491057653E+00
  0.0000000000E+00  0.2493470632E+00
 CONTINUED FRACTION COEFFICIENTS A(I),B2(I),I=1, 22
 -0.6891157021E-03  0.1000000000E+01
 -0.1530331353E+00  0.2426266604E+00
  0.2493908634E+00  0.9207993592E-01
 -0.1737192004E-02  0.3450194798E+00
  0.1127538690E+00  0.2119650608E+00
  0.5152848560E-01  0.2108911707E+00
  0.1624372058E+00  0.2186691189E+00
  0.4186660464E-01  0.2887459493E+00
  0.1040017390E+00  0.2147733035E+00
  0.5404601461E-01  0.2121232851E+00
  0.1440644039E+00  0.2740920710E+00
  0.8431788568E-01  0.2339731720E+00
  0.5822190704E-01  0.2271577553E+00
  0.9876481625E-01  0.2470912297E+00
  0.1299709671E+00  0.2428172070E+00
  0.6301367373E-01  0.2401227400E+00
  0.7263343462E-01  0.2377281202E+00
  0.1297764097E+00  0.2406094897E+00
  0.7958107501E-01  0.2488586410E+00
  0.7482518283E-01  0.2314137782E+00
  0.1038084071E+00  0.2495129182E+00
  0.0000000000E+00  0.2339118830E+00
 CONTINUED FRACTION COEFFICIENTS A(I),B2(I),I=1, 22
  0.3405372550E+00  0.1000000000E+01
 -0.6773701743E-01  0.1382314460E+00
  0.2158846879E+00  0.1169791902E+00
  0.6470580912E-01  0.2332658849E+00
  0.1397677069E+00  0.2037766140E+00
 -0.1107698126E-01  0.1976734266E+00
  0.1202511778E+00  0.2152738181E+00
  0.8566150465E-01  0.2347414892E+00
  0.1140094770E+00  0.2482415355E+00
  0.2953276034E-01  0.2178585321E+00
  0.1172712179E+00  0.2362810903E+00
  0.8702649978E-01  0.2428012355E+00
  0.9404441841E-01  0.2360432012E+00
  0.6850291528E-01  0.2344284195E+00
  0.1060038631E+00  0.2422799671E+00
  0.1048584861E+00  0.2422526320E+00
  0.6018511523E-01  0.2386643496E+00
  0.9424208756E-01  0.2329077163E+00
  0.1193400252E+00  0.2463636258E+00
  0.7910478216E-01  0.2495478539E+00
  0.6880600809E-01  0.2322717042E+00
  0.0000000000E+00  0.2348273931E+00
 CONTINUED FRACTION COEFFICIENTS A(I),B2(I),I=1, 22
  0.4664245142E+00  0.1000000000E+01
  0.4200705177E-01  0.1699266500E+00
  0.3077536154E+00  0.1881048535E+00
  0.2136843574E-01  0.1891724673E+00
  0.2221183811E+00  0.2308077927E+00
  0.1058223131E+00  0.2314985537E+00
  0.9036202857E-01  0.2524861717E+00
  0.9662530870E-01  0.2118127600E+00
  0.1196102373E+00  0.2616759663E+00
  0.7988006528E-01  0.2270496196E+00
  0.8062717053E-01  0.2452795536E+00
  0.1135384489E+00  0.2313401886E+00
  0.1123348939E+00  0.2580391025E+00
  0.5871805607E-01  0.2291093509E+00
  0.9804084371E-01  0.2385647913E+00
  0.1191891296E+00  0.2465737446E+00
  0.8066911624E-01  0.2431864508E+00
  0.8086088090E-01  0.2400209982E+00
  0.1007880167E+00  0.2353467326E+00
  0.9659273616E-01  0.2452754762E+00
  0.8873160188E-01  0.2470855306E+00
  0.0000000000E+00  0.2370215133E+00
 CONTINUED FRACTION COEFFICIENTS A(I),B2(I),I=1, 22
  0.5923117735E+00  0.1000000000E+01
  0.5082176882E-02  0.1699266500E+00
  0.2753485695E+00  0.1712986090E+00
  0.7513706069E-01  0.1972619052E+00
  0.2173975083E+00  0.2561465045E+00
  0.6323747390E-01  0.2103505889E+00
  0.9962016122E-01  0.2400234559E+00
  0.1325585091E+00  0.2329435938E+00
  0.7623115544E-01  0.2546687464E+00
  0.7338865123E-01  0.2120810555E+00
  0.1130209674E+00  0.2543653380E+00
  0.1097857437E+00  0.2439685998E+00
  0.7600924751E-01  0.2405860334E+00
  0.7385697570E-01  0.2237188744E+00
  0.1239804176E+00  0.2542648817E+00
  0.8938672289E-01  0.2447489072E+00
  0.7131695853E-01  0.2294747173E+00
  0.9987268033E-01  0.2442420754E+00
  0.1022078968E+00  0.2437692463E+00
  0.7789406452E-01  0.2376084177E+00
  0.9247340658E-01  0.2427290738E+00
  0.0000000000E+00  0.2421537531E+00
 CONTINUED FRACTION COEFFICIENTS A(I),B2(I),I=1, 22
 -0.1866046359E+00  0.1000000000E+01
  0.4430052386E-01  0.7071502160E-01
  0.2250998666E+00  0.1590401807E+00
  0.1275771626E+00  0.1679496853E+00
  0.2027334124E+00  0.1655624150E+00
  0.8485075601E-01  0.1643151147E+00
  0.1956320560E+00  0.2282162978E+00
  0.8404928792E-01  0.2410869929E+00
  0.6532590291E-01  0.2224629972E+00
  0.1204399510E+00  0.2341747040E+00
  0.1438729182E+00  0.2345311558E+00
  0.5133722505E-01  0.2224347019E+00
  0.1005835003E+00  0.2368898951E+00
  0.1137086575E+00  0.2445099832E+00
  0.1030517669E+00  0.2450538117E+00
  0.6950051368E-01  0.2208214473E+00
  0.1104697684E+00  0.2413154189E+00
  0.9645374719E-01  0.2465276833E+00
  0.9102418557E-01  0.2442840409E+00
  0.8068777050E-01  0.2223434092E+00
  0.1166085400E+00  0.2469349655E+00
  0.0000000000E+00  0.2487551271E+00
 CONTINUED FRACTION COEFFICIENTS A(I),B2(I),I=1, 22
 -0.1580918961E+00  0.1000000000E+01
  0.3725868921E-01  0.8310603172E-01
  0.2344879470E+00  0.1320847906E+00
  0.1375152561E+00  0.1890560746E+00
  0.2256959733E+00  0.1825386465E+00
  0.7189802457E-01  0.1609895468E+00
  0.1932156797E+00  0.2495843954E+00
  0.9427545371E-01  0.2249949328E+00
  0.5748370388E-01  0.2363574756E+00
  0.1206665581E+00  0.2186103282E+00
  0.1548163319E+00  0.2432752504E+00
  0.7028991119E-01  0.2234011231E+00
  0.8183873806E-01  0.2383659559E+00
  0.1279752542E+00  0.2424173280E+00
  0.9748108882E-01  0.2452098799E+00
  0.8304053581E-01  0.2231944467E+00
  0.1065394059E+00  0.2415943505E+00
  0.9993335493E-01  0.2445153357E+00
  0.9367793706E-01  0.2498626428E+00
  0.8267219745E-01  0.2191154895E+00
  0.1183127826E+00  0.2474115365E+00
  0.0000000000E+00  0.2515891762E+00
 CONTINUED FRACTION COEFFICIENTS A(I),B2(I),I=1, 22
 -0.1591803713E+00  0.1000000000E+01
 -0.1226790917E-01  0.6160590267E-01
  0.2499149960E+00  0.1723862972E+00
  0.1408037032E+00  0.1584193038E+00
  0.1604678215E+00  0.1599048638E+00
  0.1027523603E+00  0.1488332426E+00
  0.1995537765E+00  0.2145026231E+00
  0.6051412399E-01  0.2480022150E+00
  0.6459901453E-01  0.2015702539E+00
  0.1408079678E+00  0.2574251064E+00
  0.1168583846E+00  0.2359987198E+00
  0.5602215713E-01  0.2185929036E+00
  0.1027801878E+00  0.2401105250E+00
  0.1216523195E+00  0.2506740687E+00
  0.8682582916E-01  0.2419376738E+00
  0.8058500156E-01  0.2153784533E+00
  0.1191406543E+00  0.2543937235E+00
  0.8445077992E-01  0.2470758823E+00
  0.9099090648E-01  0.2352910027E+00
  0.9460882607E-01  0.2292131528E+00
  0.1152348972E+00  0.2538800675E+00
  0.0000000000E+00  0.2405051982E+00
 CONTINUED FRACTION COEFFICIENTS A(I),B2(I),I=1, 22
 -0.1208005598E+00  0.1000000000E+01
  0.3636514944E-02  0.8380135360E-01
  0.2822155359E+00  0.1421536747E+00
  0.1913165830E+00  0.2033129232E+00
  0.1875444703E+00  0.1815906629E+00
  0.1023556446E+00  0.1710507316E+00
  0.1733342191E+00  0.2421035945E+00
  0.1028187363E+00  0.2226083759E+00
  0.4585998176E-01  0.2406838704E+00
  0.1290564101E+00  0.2113156308E+00
  0.1522443908E+00  0.2483054270E+00
  0.7443418307E-01  0.2261997684E+00
  0.7456741725E-01  0.2322735279E+00
  0.1196712742E+00  0.2415464490E+00
  0.1093791593E+00  0.2463097308E+00
  0.8291610086E-01  0.2240235430E+00
  0.9703826919E-01  0.2432534067E+00
  0.1019990513E+00  0.2363365319E+00
  0.9508916244E-01  0.2562799125E+00
  0.8734850678E-01  0.2189016334E+00
  0.1056410931E+00  0.2443340728E+00
  0.0000000000E+00  0.2521545417E+00
 CONTINUED FRACTION COEFFICIENTS A(I),B2(I),I=1, 22
 -0.1120219634E+00  0.1000000000E+01
 -0.2077986477E-01  0.7210566536E-01
  0.2584935836E+00  0.1531540621E+00
  0.2122640829E+00  0.1886211382E+00
  0.1581305524E+00  0.1769696642E+00
  0.1364001255E+00  0.1656296422E+00
  0.1899378374E+00  0.2357617041E+00
  0.5486836863E-01  0.2346638809E+00
  0.7522652872E-01  0.2148238767E+00
  0.1222075434E+00  0.2368717376E+00
  0.1424949656E+00  0.2414280136E+00
  0.6106746650E-01  0.2190342674E+00
  0.9521305307E-01  0.2389450075E+00
  0.1138876232E+00  0.2458389141E+00
  0.9436616782E-01  0.2412617382E+00
  0.8225184081E-01  0.2193250107E+00
  0.1104979602E+00  0.2510498965E+00
  0.9192978975E-01  0.2399322801E+00
  0.8364654777E-01  0.2430463172E+00
  0.9637842729E-01  0.2247540142E+00
  0.1120428006E+00  0.2498876646E+00
  0.0000000000E+00  0.2449952316E+00
 CONTINUED FRACTION COEFFICIENTS A(I),B2(I),I=1, 22
 -0.3153360681E-02  0.1000000000E+01
 -0.1629485149E+00  0.2416618631E+00
  0.2336326342E+00  0.9162691758E-01
 -0.1384871511E-01  0.3489432546E+00
  0.9516126750E-01  0.2069899540E+00
  0.4798399134E-01  0.2223711861E+00
  0.1720936421E+00  0.2106937265E+00
  0.3410729035E-01  0.2916296291E+00
  0.1110481531E+00  0.2095206345E+00
  0.7053818786E-01  0.2232117894E+00
  0.1261725389E+00  0.2741625211E+00
  0.7138910879E-01  0.2327329672E+00
  0.7037585953E-01  0.2157795680E+00
  0.1035291028E+00  0.2639087565E+00
  0.1364745106E+00  0.2392887180E+00
  0.2562346575E-01  0.2318717138E+00
  0.1071096101E+00  0.2405534260E+00
  0.1332754390E+00  0.2473827714E+00
  0.5859972192E-01  0.2461974410E+00
  0.7676301294E-01  0.2242448205E+00
  0.1155479260E+00  0.2556913513E+00
  0.0000000000E+00  0.2359486108E+00
 CONTINUED FRACTION COEFFICIENTS A(I),B2(I),I=1, 22
  0.3364586081E+00  0.1000000000E+01
 -0.7802848881E-01  0.1374298701E+00
  0.2002176912E+00  0.1163377849E+00
  0.5111265224E-01  0.2372014034E+00
  0.1305147633E+00  0.1978635444E+00
 -0.1822779126E-01  0.2042557809E+00
  0.1363659813E+00  0.2187894559E+00
  0.1071572618E+00  0.2321819174E+00
  0.9976647385E-01  0.2435718030E+00
  0.2913617366E-01  0.2185880146E+00
  0.1269608401E+00  0.2305530769E+00
  0.7275235671E-01  0.2478584783E+00
  0.9934404673E-01  0.2350315862E+00
  0.7324447414E-01  0.2305788601E+00
  0.1007749211E+00  0.2444310041E+00
  0.1007324107E+00  0.2476447770E+00
  0.6948366002E-01  0.2303465361E+00
  0.9349133364E-01  0.2395554245E+00
  0.1072794375E+00  0.2453759356E+00
  0.7944201889E-01  0.2434667040E+00
  0.8532190604E-01  0.2341540973E+00
  0.0000000000E+00  0.2412460748E+00
 CONTINUED FRACTION COEFFICIENTS A(I),B2(I),I=1, 22
  0.4622433478E+00  0.1000000000E+01
  0.3309058954E-01  0.1690734716E+00
  0.2967338935E+00  0.1885213715E+00
 -0.5418565543E-03  0.1911168381E+00
  0.2135449588E+00  0.2244504692E+00
  0.8565307694E-01  0.2326425015E+00
  0.9199154943E-01  0.2539416861E+00
  0.1123624285E+00  0.2056987587E+00
  0.1239306151E+00  0.2559564765E+00
  0.8777565087E-01  0.2355055686E+00
  0.9861765209E-01  0.2477191191E+00
  0.9588559821E-01  0.2303136230E+00
  0.1056504044E+00  0.2587658982E+00
  0.7144398018E-01  0.2225606094E+00
  0.1010819818E+00  0.2441033875E+00
  0.1044601615E+00  0.2514079354E+00
  0.8379821697E-01  0.2345513245E+00
  0.8052430854E-01  0.2382163047E+00
  0.1117448873E+00  0.2438710160E+00
  0.8914236790E-01  0.2466757124E+00
  0.7952438992E-01  0.2368508023E+00
  0.0000000000E+00  0.2369903793E+00
 CONTINUED FRACTION COEFFICIENTS A(I),B2(I),I=1, 22
  0.5880280875E+00  0.1000000000E+01
 -0.3881637276E-02  0.1690734716E+00
  0.2630957189E+00  0.1714688770E+00
  0.5251724962E-01  0.1985608073E+00
  0.2134210632E+00  0.2518757660E+00
  0.4790855250E-01  0.2123893737E+00
  0.1000684492E+00  0.2425485251E+00
  0.1527210864E+00  0.2268159949E+00
  0.8184417458E-01  0.2500110178E+00
  0.8502102886E-01  0.2218421109E+00
  0.1222427607E+00  0.2563748817E+00
  0.8328450209E-01  0.2361939872E+00
  0.7869303349E-01  0.2421104735E+00
  0.9677578254E-01  0.2229805405E+00
  0.1106765855E+00  0.2589398482E+00
  0.7112517181E-01  0.2418057674E+00
  0.8817399128E-01  0.2241607908E+00
  0.1046950949E+00  0.2501446050E+00
  0.9594688631E-01  0.2473453292E+00
  0.6851508892E-01  0.2329470512E+00
  0.1011042407E+00  0.2374493926E+00
  0.0000000000E+00  0.2485315246E+00
 CONTINUED FRACTION COEFFICIENTS A(I),B2(I),I=1, 22
 -0.1896417397E+00  0.1000000000E+01
  0.3351532766E-01  0.7051247480E-01
  0.2102858043E+00  0.1580746460E+00
  0.1116055164E+00  0.1710479755E+00
  0.1902086851E+00  0.1619176617E+00
  0.9367838331E-01  0.1643544447E+00
  0.1982102843E+00  0.2280358010E+00
  0.8034496601E-01  0.2390293682E+00
  0.7375725022E-01  0.2114618406E+00
  0.1227669822E+00  0.2379649463E+00
  0.1469475781E+00  0.2420318902E+00
  0.3677677752E-01  0.2221680023E+00
  0.1123724818E+00  0.2331125046E+00
  0.1116167739E+00  0.2510639835E+00
  0.9978280304E-01  0.2386150137E+00
  0.6657215432E-01  0.2154987821E+00
  0.1147026843E+00  0.2514970406E+00
  0.1010730837E+00  0.2485499363E+00
  0.8081195656E-01  0.2337793077E+00
  0.9001786745E-01  0.2262561051E+00
  0.1235043014E+00  0.2555304823E+00
  0.0000000000E+00  0.2410388791E+00
 CONTINUED FRACTION COEFFICIENTS A(I),B2(I),I=1, 22
 -0.1611297686E+00  0.1000000000E+01
  0.2670264632E-01  0.8286711253E-01
  0.2197139685E+00  0.1311473461E+00
  0.1199628716E+00  0.1927343848E+00
  0.2199550707E+00  0.1777160352E+00
  0.7297524566E-01  0.1589975433E+00
  0.1884724051E+00  0.2479375027E+00
  0.1050045552E+00  0.2190924617E+00
  0.6456626503E-01  0.2258821040E+00
  0.1153279203E+00  0.2293628191E+00
  0.1500487221E+00  0.2530432182E+00
  0.5293140261E-01  0.2232282680E+00
  0.9440565526E-01  0.2305416822E+00
  0.1281841519E+00  0.2497156282E+00
  0.1009421337E+00  0.2396834051E+00
  0.6937589314E-01  0.2194061286E+00
  0.1144827914E+00  0.2503730500E+00
  0.1061323826E+00  0.2468612781E+00
  0.8554776194E-01  0.2402177408E+00
  0.8474606308E-01  0.2204551010E+00
  0.1289523384E+00  0.2580748778E+00
  0.0000000000E+00  0.2426689469E+00
 CONTINUED FRACTION COEFFICIENTS A(I),B2(I),I=1, 22
 -0.1621651418E+00  0.1000000000E+01
 -0.2282993676E-01  0.6144684902E-01
  0.2345388928E+00  0.1712145118E+00
  0.1265950405E+00  0.1612107253E+00
  0.1407292812E+00  0.1586174597E+00
  0.1064615786E+00  0.1474561169E+00
  0.2053848486E+00  0.2151614452E+00
  0.3755831025E-01  0.2478620364E+00
  0.7247312228E-01  0.1902959081E+00
  0.1581382746E+00  0.2531010778E+00
  0.1273548214E+00  0.2334448000E+00
  0.4143783652E-01  0.2168840486E+00
  0.1145808263E+00  0.2360370607E+00
  0.1168044590E+00  0.2622334461E+00
  0.7311638526E-01  0.2370907993E+00
  0.8755996696E-01  0.2078559526E+00
  0.1211041492E+00  0.2654103258E+00
  0.7735989195E-01  0.2458800773E+00
  0.8224284474E-01  0.2270242686E+00
  0.1155808819E+00  0.2351775025E+00
  0.1120391600E+00  0.2597945869E+00
  0.0000000000E+00  0.2311448050E+00
 CONTINUED FRACTION COEFFICIENTS A(I),B2(I),I=1, 22
 -0.1238040559E+00  0.1000000000E+01
 -0.6838369940E-02  0.8356371694E-01
  0.2679935101E+00  0.1411127099E+00
  0.1736094808E+00  0.2061702194E+00
  0.1763117586E+00  0.1786933190E+00
  0.1081489660E+00  0.1679926353E+00
  0.1749436969E+00  0.2418402476E+00
  0.1139845068E+00  0.2194148645E+00
  0.5740291061E-01  0.2326188763E+00
  0.1238807374E+00  0.2204408773E+00
  0.1375473048E+00  0.2585408910E+00
  0.5792882552E-01  0.2217848377E+00
  0.8824727013E-01  0.2257787028E+00
  0.1286143885E+00  0.2521284388E+00
  0.1053832972E+00  0.2411720111E+00
  0.6491732139E-01  0.2166663507E+00
  0.1121004830E+00  0.2518828620E+00
  0.1089893618E+00  0.2428273277E+00
  0.8243723991E-01  0.2447374397E+00
  0.8452174008E-01  0.2168201049E+00
  0.1227623825E+00  0.2565840367E+00
  0.0000000000E+00  0.2462307553E+00
 CONTINUED FRACTION COEFFICIENTS A(I),B2(I),I=1, 22
 -0.1149903143E+00  0.1000000000E+01
 -0.3136381147E-01  0.7190568363E-01
  0.2439276945E+00  0.1520952822E+00
  0.1964224959E+00  0.1911189958E+00
  0.1429188652E+00  0.1759086984E+00
  0.1413478583E+00  0.1630020658E+00
  0.1930745793E+00  0.2357304536E+00
  0.5109528475E-01  0.2309608269E+00
  0.9835958049E-01  0.2086748777E+00
  0.1261653358E+00  0.2437630122E+00
  0.1323948321E+00  0.2456993979E+00
  0.4359550820E-01  0.2135132381E+00
  0.1084671460E+00  0.2368938687E+00
  0.1186471136E+00  0.2530441690E+00
  0.8607282621E-01  0.2369172598E+00
  0.8134665009E-01  0.2125840714E+00
  0.1132437015E+00  0.2608906702E+00
  0.9688015034E-01  0.2430309206E+00
  0.7380945845E-01  0.2320522700E+00
  0.1042313585E+00  0.2286379369E+00
  0.1141427128E+00  0.2558882400E+00
  0.0000000000E+00  0.2404074944E+00
 CONTINUED FRACTION COEFFICIENTS A(I),B2(I),I=1, 22
 -0.4948763308E-02  0.1000000000E+01
 -0.1639164789E+00  0.2415500040E+00
  0.2323000375E+00  0.9137427874E-01
 -0.1699900215E-01  0.3487524621E+00
  0.9232448032E-01  0.2065426944E+00
  0.3584681199E-01  0.2231188091E+00
  0.1567940488E+00  0.2103662165E+00
  0.3443069452E-01  0.2932669924E+00
  0.1089660088E+00  0.2073779833E+00
  0.6775849464E-01  0.2174671796E+00
  0.1265734402E+00  0.2749610593E+00
  0.8516220887E-01  0.2329748175E+00
  0.6158299066E-01  0.2187973726E+00
  0.9986421029E-01  0.2682781772E+00
  0.1382384455E+00  0.2357346728E+00
  0.3099726550E-01  0.2286146976E+00
  0.1014792220E+00  0.2451015660E+00
  0.1306687925E+00  0.2447088527E+00
  0.5319006987E-01  0.2441616675E+00
  0.9177319069E-01  0.2256384657E+00
  0.1099377627E+00  0.2591439623E+00
  0.0000000000E+00  0.2336324868E+00
 CONTINUED FRACTION COEFFICIENTS A(I),B2(I),I=1, 22
  0.3349690127E+00  0.1000000000E+01
 -0.7913062960E-01  0.1374216870E+00
  0.1987279045E+00  0.1160373044E+00
  0.4759072898E-01  0.2372766475E+00
  0.1272529894E+00  0.1975539319E+00
 -0.2785113391E-01  0.2045049352E+00
  0.1204441843E+00  0.2174945838E+00
  0.9975970286E-01  0.2314012644E+00
  0.1060250574E+00  0.2431318372E+00
  0.3180448391E-01  0.2151546454E+00
  0.1300898968E+00  0.2319664045E+00
  0.8151187929E-01  0.2461000065E+00
  0.9713405670E-01  0.2355717178E+00
  0.6574377443E-01  0.2322394951E+00
  0.1019263057E+00  0.2423492168E+00
  0.9946475368E-01  0.2403882896E+00
  0.6235505108E-01  0.2329230196E+00
  0.1040561635E+00  0.2394661442E+00
  0.1052215263E+00  0.2475250426E+00
  0.7806092833E-01  0.2436476101E+00
  0.7960135578E-01  0.2322176720E+00
  0.0000000000E+00  0.2398305961E+00
 CONTINUED FRACTION COEFFICIENTS A(I),B2(I),I=1, 22
  0.4608044239E+00  0.1000000000E+01
  0.3217038435E-01  0.1690907885E+00
  0.2961226026E+00  0.1884174439E+00
 -0.3957083849E-02  0.1910293687E+00
  0.2101486811E+00  0.2242450981E+00
  0.7901216618E-01  0.2327225813E+00
  0.8318906204E-01  0.2554095893E+00
  0.9964384325E-01  0.2062336776E+00
  0.1205827779E+00  0.2522506400E+00
  0.9010858517E-01  0.2300621743E+00
  0.9234575144E-01  0.2454325945E+00
  0.1034085891E+00  0.2273037364E+00
  0.1134832789E+00  0.2594901303E+00
  0.6991978398E-01  0.2279875026E+00
  0.1045884253E+00  0.2460397302E+00
  0.1124810434E+00  0.2475315761E+00
  0.7945103469E-01  0.2364931388E+00
  0.8238832214E-01  0.2410144401E+00
  0.1065044765E+00  0.2393215339E+00
  0.9261502774E-01  0.2483048289E+00
  0.8482219028E-01  0.2393205302E+00
  0.0000000000E+00  0.2381870910E+00
 CONTINUED FRACTION COEFFICIENTS A(I),B2(I),I=1, 22
  0.5866398352E+00  0.1000000000E+01
 -0.4820668767E-02  0.1690907885E+00
  0.2622217978E+00  0.1713177974E+00
  0.4875530836E-01  0.1983137065E+00
  0.2103435647E+00  0.2516310898E+00
  0.4128907024E-01  0.2128011960E+00
  0.8921675795E-01  0.2434821485E+00
  0.1418364432E+00  0.2267811184E+00
  0.8274968949E-01  0.2486503010E+00
  0.8589947463E-01  0.2169395907E+00
  0.1190763018E+00  0.2539666417E+00
  0.9749112469E-01  0.2362044329E+00
  0.8445995043E-01  0.2443679655E+00
  0.9179180074E-01  0.2264923772E+00
  0.1138697462E+00  0.2597247842E+00
  0.8052926619E-01  0.2388560992E+00
  0.8187047153E-01  0.2260384047E+00
  0.1022509921E+00  0.2509769123E+00
  0.9395903028E-01  0.2423494589E+00
  0.7631340813E-01  0.2369169623E+00
  0.1017816318E+00  0.2401149697E+00
  0.0000000000E+00  0.2461652815E+00
 CONTINUED FRACTION COEFFICIENTS A(I),B2(I),I=1, 22
 -0.1908975525E+00  0.1000000000E+01
  0.3223297953E-01  0.7051685299E-01
  0.2087157978E+00  0.1576959980E+00
  0.1077163023E+00  0.1712117813E+00
  0.1844885567E+00  0.1619646887E+00
  0.8396335130E-01  0.1653893987E+00
  0.1882525398E+00  0.2258247789E+00
  0.7787393621E-01  0.2410491743E+00
  0.6843846868E-01  0.2122423049E+00
  0.1234780385E+00  0.2337074266E+00
  0.1515654947E+00  0.2364512599E+00
  0.4152458609E-01  0.2192445379E+00
  0.1108066684E+00  0.2358546552E+00
  0.1071861718E+00  0.2558462842E+00
  0.9545561729E-01  0.2393161257E+00
  0.7683205559E-01  0.2162520272E+00
  0.1170969900E+00  0.2482321398E+00
  0.8697161537E-01  0.2516073554E+00
  0.7722019104E-01  0.2331792546E+00
  0.9691327329E-01  0.2229759033E+00
  0.1270443875E+00  0.2569526867E+00
  0.0000000000E+00  0.2426061094E+00
 CONTINUED FRACTION COEFFICIENTS A(I),B2(I),I=1, 22
 -0.1623789123E+00  0.1000000000E+01
  0.2540784272E-01  0.8287053403E-01
  0.2179905035E+00  0.1308546036E+00
  0.1156627159E+00  0.1930158024E+00
  0.2147897071E+00  0.1779666379E+00
  0.6265051193E-01  0.1601618151E+00
  0.1806852430E+00  0.2454960098E+00
  0.9769700834E-01  0.2208369437E+00
  0.6002775218E-01  0.2255531211E+00
  0.1160733046E+00  0.2205318215E+00
  0.1554797577E+00  0.2456013506E+00
  0.5260363363E-01  0.2241753930E+00
  0.8939559827E-01  0.2350308564E+00
  0.1208415286E+00  0.2539278469E+00
  0.9420494082E-01  0.2436779324E+00
  0.8477898680E-01  0.2191753680E+00
  0.1110616052E+00  0.2444337802E+00
  0.9264071725E-01  0.2517061200E+00
  0.8394109027E-01  0.2391540471E+00
  0.9543556020E-01  0.2199812045E+00
  0.1288696568E+00  0.2575722548E+00
  0.0000000000E+00  0.2466446889E+00
 CONTINUED FRACTION COEFFICIENTS A(I),B2(I),I=1, 22
 -0.1634434811E+00  0.1000000000E+01
 -0.2406387778E-01  0.6144973994E-01
  0.2330632727E+00  0.1707590422E+00
  0.1235503930E+00  0.1612470884E+00
  0.1353078752E+00  0.1586844454E+00
  0.9800227622E-01  0.1483965014E+00
  0.1954833071E+00  0.2142413456E+00
  0.3590051509E-01  0.2495247593E+00
  0.6151160785E-01  0.1907438061E+00
  0.1535382856E+00  0.2526342973E+00
  0.1281685642E+00  0.2294419355E+00
  0.5093769864E-01  0.2096686166E+00
  0.1127229232E+00  0.2332905100E+00
  0.1208980135E+00  0.2629182786E+00
  0.7302242118E-01  0.2339722993E+00
  0.9225653565E-01  0.2080354520E+00
  0.1312166078E+00  0.2658481780E+00
  0.6348239022E-01  0.2462324388E+00
  0.7861331331E-01  0.2262754690E+00
  0.1172429521E+00  0.2336494552E+00
  0.1171591609E+00  0.2596471292E+00
  0.0000000000E+00  0.2322057523E+00
 CONTINUED FRACTION COEFFICIENTS A(I),B2(I),I=1, 22
 -0.1250637713E+00  0.1000000000E+01
 -0.8118732337E-02  0.8356674390E-01
  0.2662253865E+00  0.1407983700E+00
  0.1696736949E+00  0.2063248316E+00
  0.1705221274E+00  0.1790864462E+00
  0.9835352400E-01  0.1690609613E+00
  0.1664956853E+00  0.2399072468E+00
  0.1037764096E+00  0.2199050192E+00
  0.5653312623E-01  0.2325320117E+00
  0.1260162539E+00  0.2129670227E+00
  0.1476880238E+00  0.2530134123E+00
  0.5975085677E-01  0.2241632239E+00
  0.8322509249E-01  0.2302456681E+00
  0.1189319697E+00  0.2562643532E+00
  0.9829689858E-01  0.2435369330E+00
  0.7731634402E-01  0.2166700836E+00
  0.1109025685E+00  0.2459604081E+00
  0.9331301081E-01  0.2455204197E+00
  0.8409868637E-01  0.2466354237E+00
  0.9823968955E-01  0.2161726803E+00
  0.1164307498E+00  0.2557875973E+00
  0.0000000000E+00  0.2492608100E+00
 CONTINUED FRACTION COEFFICIENTS A(I),B2(I),I=1, 22
 -0.1162672704E+00  0.1000000000E+01
 -0.3261545140E-01  0.7190927274E-01
  0.2423172135E+00  0.1517219411E+00
  0.1930909809E+00  0.1911728211E+00
  0.1375076354E+00  0.1762800203E+00
  0.1324877228E+00  0.1639489706E+00
  0.1843062356E+00  0.2349251591E+00
  0.4420910164E-01  0.2324512404E+00
  0.9088701062E-01  0.2071922995E+00
  0.1263859805E+00  0.2394938523E+00
  0.1422675151E+00  0.2410202086E+00
  0.5230454880E-01  0.2130708194E+00
  0.1055175168E+00  0.2394800863E+00
  0.1139385589E+00  0.2569054664E+00
  0.8126182124E-01  0.2367525318E+00
  0.8887935607E-01  0.2132337606E+00
  0.1158641374E+00  0.2576152217E+00
  0.8055254969E-01  0.2429982780E+00
  0.7363854161E-01  0.2336753216E+00
  0.1181336353E+00  0.2280589431E+00
  0.1111216373E+00  0.2562952308E+00
  0.0000000000E+00  0.2396221620E+00
 CONTINUED FRACTION COEFFICIENTS A(I),B2(I),I=1, 22
 -0.2817706888E-02  0.1000000000E+01
 -0.1637120319E+00  0.2406868712E+00
  0.2321987030E+00  0.9125405720E-01
 -0.1721767708E-01  0.3483667455E+00
  0.9153510611E-01  0.2065895867E+00
  0.3438171161E-01  0.2230869906E+00
  0.1534889678E+00  0.2104952059E+00
  0.3070864434E-01  0.2946745706E+00
  0.1025936278E+00  0.2077061642E+00
  0.5970183133E-01  0.2181178008E+00
  0.1259692834E+00  0.2721269285E+00
  0.8445471658E-01  0.2307556609E+00
  0.6182639705E-01  0.2158897686E+00
  0.9540283684E-01  0.2633935870E+00
  0.1404169447E+00  0.2391014803E+00
  0.2895849781E-01  0.2318832117E+00
  0.1022512681E+00  0.2450941005E+00
  0.1337254532E+00  0.2426508962E+00
  0.5214447730E-01  0.2465625521E+00
  0.8838051957E-01  0.2247126377E+00
  0.1071046712E+00  0.2563178787E+00
  0.0000000000E+00  0.2334300017E+00
 CONTINUED FRACTION COEFFICIENTS A(I),B2(I),I=1, 22
  0.3354881487E+00  0.1000000000E+01
 -0.7901899439E-01  0.1367302222E+00
  0.1986554487E+00  0.1158831187E+00
  0.4741770187E-01  0.2370223006E+00
  0.1266236105E+00  0.1975132158E+00
 -0.2957359287E-01  0.2044222583E+00
  0.1175534668E+00  0.2172474364E+00
  0.9472680248E-01  0.2319562005E+00
  0.1000375779E+00  0.2440304852E+00
  0.2494902089E-01  0.2159612643E+00
  0.1262446479E+00  0.2287069113E+00
  0.7924137191E-01  0.2428123047E+00
  0.1013267735E+00  0.2337405049E+00
  0.6726158774E-01  0.2300278402E+00
  0.1024292711E+00  0.2438046328E+00
  0.1020648469E+00  0.2448075312E+00
  0.6405758395E-01  0.2327312842E+00
  0.9876760413E-01  0.2375275368E+00
  0.1039582946E+00  0.2451049246E+00
  0.7823542113E-01  0.2415109078E+00
  0.7502601109E-01  0.2341655816E+00
  0.0000000000E+00  0.2385437337E+00
 CONTINUED FRACTION COEFFICIENTS A(I),B2(I),I=1, 22
  0.4611942179E+00  0.1000000000E+01
  0.3260096832E-01  0.1683342538E+00
  0.2957383958E+00  0.1883130714E+00
 -0.4365039121E-02  0.1905791448E+00
  0.2098277383E+00  0.2241642109E+00
  0.7810010153E-01  0.2328268427E+00
  0.8153634513E-01  0.2556218223E+00
  0.9529334497E-01  0.2067351169E+00
  0.1154642585E+00  0.2534922132E+00
  0.8405373980E-01  0.2312620877E+00
  0.9015251630E-01  0.2444540566E+00
  0.1000257448E+00  0.2238509963E+00
  0.1119193601E+00  0.2563962924E+00
  0.6865379764E-01  0.2236878577E+00
  0.9876044653E-01  0.2435875674E+00
  0.1114546906E+00  0.2490952881E+00
  0.8645827660E-01  0.2385146814E+00
  0.8417016312E-01  0.2414308427E+00
  0.1091996786E+00  0.2401240039E+00
  0.9582142866E-01  0.2481818429E+00
  0.7875909058E-01  0.2396788921E+00
  0.0000000000E+00  0.2387008617E+00
 CONTINUED FRACTION COEFFICIENTS A(I),B2(I),I=1, 22
  0.5869002871E+00  0.1000000000E+01
 -0.4412126319E-02  0.1683342538E+00
  0.2617516445E+00  0.1711878167E+00
  0.4845814528E-01  0.1978750629E+00
  0.2100941892E+00  0.2516498041E+00
  0.4013666486E-01  0.2128274028E+00
  0.8734135577E-01  0.2435862674E+00
  0.1376438412E+00  0.2272574878E+00
  0.7754972940E-01  0.2501345805E+00
  0.7906619249E-01  0.2177896185E+00
  0.1171143610E+00  0.2526469815E+00
  0.9662265252E-01  0.2333611781E+00
  0.8274313985E-01  0.2419781351E+00
  0.9155153475E-01  0.2223567932E+00
  0.1133537481E+00  0.2586506084E+00
  0.8077521267E-01  0.2427229475E+00
  0.8743954030E-01  0.2275372453E+00
  0.1040291628E+00  0.2506761046E+00
  0.9715139407E-01  0.2437546413E+00
  0.7661846579E-01  0.2360733392E+00
  0.9481666132E-01  0.2394223012E+00
  0.0000000000E+00  0.2471150239E+00
 CONTINUED FRACTION COEFFICIENTS A(I),B2(I),I=1, 22
 -0.1896471744E+00  0.1000000000E+01
  0.3220151052E-01  0.7028007690E-01
  0.2086051696E+00  0.1574977175E+00
  0.1074693023E+00  0.1710667575E+00
  0.1838901363E+00  0.1618991612E+00
  0.8222898304E-01  0.1653527154E+00
  0.1862999404E+00  0.2256692749E+00
  0.7529035664E-01  0.2417962395E+00
  0.6296053313E-01  0.2130042856E+00
  0.1178952588E+00  0.2337266148E+00
  0.1479335282E+00  0.2364915192E+00
  0.4467197322E-01  0.2174382528E+00
  0.1122296125E+00  0.2297633839E+00
  0.1072495251E+00  0.2512594614E+00
  0.9734979112E-01  0.2392763789E+00
  0.7386942181E-01  0.2175731598E+00
  0.1168149281E+00  0.2473485143E+00
  0.9433282272E-01  0.2513617984E+00
  0.7927362169E-01  0.2348239626E+00
  0.9742695367E-01  0.2234759670E+00
  0.1216429608E+00  0.2551635480E+00
  0.0000000000E+00  0.2413819315E+00
 CONTINUED FRACTION COEFFICIENTS A(I),B2(I),I=1, 22
 -0.1611414953E+00  0.1000000000E+01
  0.2542783516E-01  0.8259866982E-01
  0.2180164866E+00  0.1306365844E+00
  0.1155804391E+00  0.1927631084E+00
  0.2144142871E+00  0.1778524249E+00
  0.6118032279E-01  0.1600616255E+00
  0.1791378482E+00  0.2454464264E+00
  0.9426079042E-01  0.2214879912E+00
  0.5401703947E-01  0.2265096382E+00
  0.1101476972E+00  0.2206641381E+00
  0.1543772904E+00  0.2440850507E+00
  0.5805109647E-01  0.2199693856E+00
  0.8966296949E-01  0.2277845989E+00
  0.1198943586E+00  0.2477520317E+00
  0.9414897308E-01  0.2432823615E+00
  0.7611640941E-01  0.2222876357E+00
  0.1121432452E+00  0.2448773131E+00
  0.1025292426E+00  0.2503732623E+00
  0.8462959995E-01  0.2405824934E+00
  0.9101454323E-01  0.2200945126E+00
  0.1263969872E+00  0.2554733057E+00
  0.0000000000E+00  0.2459850451E+00
 CONTINUED FRACTION COEFFICIENTS A(I),B2(I),I=1, 22
 -0.1621286793E+00  0.1000000000E+01
 -0.2409778385E-01  0.6125564210E-01
  0.2326569007E+00  0.1705583450E+00
  0.1231153017E+00  0.1612318562E+00
  0.1344736562E+00  0.1586687300E+00
  0.9580906086E-01  0.1485039214E+00
  0.1929112766E+00  0.2143396461E+00
  0.3433163565E-01  0.2504933712E+00
  0.5714473609E-01  0.1912834269E+00
  0.1478733413E+00  0.2525591691E+00
  0.1213339632E+00  0.2315403273E+00
  0.4815069263E-01  0.2108942290E+00
  0.1101657463E+00  0.2290459108E+00
  0.1188724915E+00  0.2588996094E+00
  0.7472013781E-01  0.2339185696E+00
  0.9005348373E-01  0.2050867216E+00
  0.1303262927E+00  0.2611086726E+00
  0.6741178443E-01  0.2469493515E+00
  0.8117701643E-01  0.2285510918E+00
  0.1216102636E+00  0.2330937149E+00
  0.1140487149E+00  0.2578625412E+00
  0.0000000000E+00  0.2325719066E+00
 CONTINUED FRACTION COEFFICIENTS A(I),B2(I),I=1, 22
 -0.1237920458E+00  0.1000000000E+01
 -0.8089238670E-02  0.8329616051E-01
  0.2661897770E+00  0.1405565934E+00
  0.1696118705E+00  0.2060654768E+00
  0.1701808770E+00  0.1789616130E+00
  0.9707012095E-01  0.1689706832E+00
  0.1646558459E+00  0.2398672569E+00
  0.9990113972E-01  0.2203767741E+00
  0.5063192185E-01  0.2335528255E+00
  0.1190938815E+00  0.2126533356E+00
  0.1462553840E+00  0.2513061385E+00
  0.6564565744E-01  0.2203880336E+00
  0.8490671139E-01  0.2230358290E+00
  0.1199155880E+00  0.2512763681E+00
  0.1005333157E+00  0.2442535164E+00
  0.7189246388E-01  0.2203710631E+00
  0.1111613647E+00  0.2477545615E+00
  0.1013042600E+00  0.2436775021E+00
  0.8316559739E-01  0.2464142089E+00
  0.9257584584E-01  0.2160348644E+00
  0.1153149382E+00  0.2540098274E+00
  0.0000000000E+00  0.2485518732E+00
 CONTINUED FRACTION COEFFICIENTS A(I),B2(I),I=1, 22
 -0.1149482755E+00  0.1000000000E+01
 -0.3262093534E-01  0.7167505828E-01
  0.2420531895E+00  0.1515109357E+00
  0.1927821579E+00  0.1910169769E+00
  0.1369545724E+00  0.1762408175E+00
  0.1310684185E+00  0.1639266894E+00
  0.1823913254E+00  0.2350320869E+00
  0.4138098762E-01  0.2330767261E+00
  0.8489061141E-01  0.2077486266E+00
  0.1202623808E+00  0.2396451348E+00
  0.1387430422E+00  0.2407576396E+00
  0.5333775487E-01  0.2113076291E+00
  0.1066336971E+00  0.2328355330E+00
  0.1154973024E+00  0.2526217436E+00
  0.8430094114E-01  0.2376282734E+00
  0.8733656593E-01  0.2143120411E+00
  0.1175653523E+00  0.2579017401E+00
  0.8662343503E-01  0.2430826086E+00
  0.7361064273E-01  0.2341575468E+00
  0.1148872635E+00  0.2272926180E+00
  0.1087794498E+00  0.2537887808E+00
  0.0000000000E+00  0.2405690527E+00
