   -0.463535    0.387532    0.000000
    0.301050    0.241609    0.000000
   -0.210038    0.168124    0.000000
   -0.463535    0.387532    0.000000
    0.301050    0.241609    0.000000
   -0.210038    0.168124    0.000000
   -0.463535    0.387532    0.000000
    0.301050    0.241609    0.000000
   -0.210038    0.168124    0.000000
   -0.463535    0.387532    0.000000
    0.301050    0.241609    0.000000
   -0.210038    0.168124    0.000000
    1.605052    0.385739    0.512415
    2.621046    0.409886    0.512415
    4.123246    0.437868    0.512415
    1.609821    0.386212    0.512415
    2.627569    0.410450    0.512415
    4.129939    0.438191    0.512415
    0.081356    0.407582    0.123360
    1.099817    0.402571    0.123360
    0.086223    0.134489    0.123360
    0.084348    0.408230    0.123360
    1.101837    0.402668    0.123360
    0.103464    0.135710    0.123360
   -0.059551    0.394165    0.097959
    0.835890    0.382121    0.097959
    0.031196    0.099911    0.097959
   -0.016333    0.399350    0.097959
    0.882576    0.386422    0.097959
    0.224135    0.117173    0.097959
   -0.422798    0.406884   -0.000357
    0.779267    0.413652   -0.000357
   -0.179460    0.168986   -0.000357
   -0.425662    0.406973   -0.000357
    0.775374    0.413343   -0.000357
   -0.180122    0.169307   -0.000357
   -0.529819    0.407622   -0.036706
    0.672260    0.414214   -0.036706
   -0.278958    0.169881   -0.036706
   -0.531033    0.407532   -0.036706
    0.671045    0.414125   -0.036706
   -0.281147    0.169722   -0.036706
   -0.530047    0.407491   -0.036099
    0.672285    0.414192   -0.036099
   -0.281133    0.169654   -0.036099
   -0.530039    0.407489   -0.036099
    0.672341    0.414205   -0.036099
   -0.281238    0.169637   -0.036099
