   -1.500000      0.000000
   -1.499310      0.000000
   -1.498621      0.000000
   -1.497931      0.000000
   -1.497242      0.000000
   -1.496552      0.000000
   -1.495863      0.000000
   -1.495173      0.000000
   -1.494483      0.000000
   -1.493794      0.000000
   -1.493104      0.000000
   -1.492415      0.000000
   -1.491725      0.000000
   -1.491036      0.000000
   -1.490346      0.000000
   -1.489656      0.000000
   -1.488967      0.000000
   -1.488277      0.000000
   -1.487588      0.000000
   -1.486898      0.000000
   -1.486209      0.000000
   -1.485519      0.000000
   -1.484829      0.000000
   -1.484140      0.000000
   -1.483450      0.000000
   -1.482761      0.000000
   -1.482071      0.000000
   -1.481382      0.000000
   -1.480692      0.000000
   -1.480003      0.000000
   -1.479313      0.000000
   -1.478623      0.000000
   -1.477934      0.000000
   -1.477244      0.000000
   -1.476555      0.000000
   -1.475865      0.000000
   -1.475176      0.000000
   -1.474486      0.000000
   -1.473796      0.000000
   -1.473107      0.000000
   -1.472417      0.000000
   -1.471728      0.000000
   -1.471038      0.000000
   -1.470349      0.000000
   -1.469659      0.000000
   -1.468969      0.000000
   -1.468280      0.000000
   -1.467590      0.000000
   -1.466901      0.000000
   -1.466211      0.000000
   -1.465522      0.000000
   -1.464832      0.000000
   -1.464142      0.000000
   -1.463453      0.000000
   -1.462763      0.000000
   -1.462074      0.000000
   -1.461384      0.000000
   -1.460695      0.000000
   -1.460005      0.000000
   -1.459315      0.000000
   -1.458626      0.000000
   -1.457936      0.000000
   -1.457247      0.000000
   -1.456557      0.000000
   -1.455868      0.000000
   -1.455178      0.000000
   -1.454488      0.000000
   -1.453799      0.000000
   -1.453109      0.000000
   -1.452420      0.000000
   -1.451730      0.000000
   -1.451041      0.000000
   -1.450351      0.000000
   -1.449662      0.000000
   -1.448972      0.000000
   -1.448282      0.000000
   -1.447593      0.000000
   -1.446903      0.000000
   -1.446214      0.000000
   -1.445524      0.000000
   -1.444835      0.000000
   -1.444145      0.000000
   -1.443455      0.000000
   -1.442766      0.000000
   -1.442076      0.000000
   -1.441387      0.000000
   -1.440697      0.000000
   -1.440008      0.000000
   -1.439318      0.000000
   -1.438628      0.000000
   -1.437939      0.000000
   -1.437249      0.000000
   -1.436560      0.000000
   -1.435870      0.000000
   -1.435181      0.000000
   -1.434491      0.000000
   -1.433801      0.000000
   -1.433112      0.000000
   -1.432422      0.000000
   -1.431733      0.000000
   -1.431043      0.000000
   -1.430354      0.000000
   -1.429664      0.000000
   -1.428974      0.000000
   -1.428285      0.000000
   -1.427595      0.000000
   -1.426906      0.000000
   -1.426216      0.000000
   -1.425527      0.000000
   -1.424837      0.000000
   -1.424147      0.000000
   -1.423458      0.000000
   -1.422768      0.000000
   -1.422079      0.000000
   -1.421389      0.000000
   -1.420700      0.000000
   -1.420010      0.000000
   -1.419320      0.000000
   -1.418631      0.000000
   -1.417941      0.000000
   -1.417252      0.000000
   -1.416562      0.000000
   -1.415873      0.000000
   -1.415183      0.000000
   -1.414494      0.000000
   -1.413804      0.000000
   -1.413114      0.000000
   -1.412425      0.000000
   -1.411735      0.000000
   -1.411046      0.000000
   -1.410356      0.000000
   -1.409667      0.000000
   -1.408977      0.000000
   -1.408287      0.000000
   -1.407598      0.000000
   -1.406908      0.000000
   -1.406219      0.000000
   -1.405529      0.000000
   -1.404840      0.000000
   -1.404150      0.000000
   -1.403460      0.000000
   -1.402771      0.000000
   -1.402081      0.000000
   -1.401392      0.000000
   -1.400702      0.000000
   -1.400013      0.000000
   -1.399323      0.000000
   -1.398633      0.000000
   -1.397944      0.000000
   -1.397254      0.000000
   -1.396565      0.000000
   -1.395875      0.000000
   -1.395186      0.000000
   -1.394496      0.000000
   -1.393806      0.000000
   -1.393117      0.000000
   -1.392427      0.000000
   -1.391738      0.000000
   -1.391048      0.000000
   -1.390359      0.000000
   -1.389669      0.000000
   -1.388979      0.000000
   -1.388290      0.000000
   -1.387600      0.000000
   -1.386911      0.000000
   -1.386221      0.000000
   -1.385532      0.000000
   -1.384842      0.000000
   -1.384152      0.000000
   -1.383463      0.000000
   -1.382773      0.000000
   -1.382084      0.000000
   -1.381394      0.000000
   -1.380705      0.000000
   -1.380015      0.000000
   -1.379326      0.000000
   -1.378636      0.000000
   -1.377946      0.000000
   -1.377257      0.000000
   -1.376567      0.000000
   -1.375878      0.000000
   -1.375188      0.000000
   -1.374499      0.000000
   -1.373809      0.000000
   -1.373119      0.000000
   -1.372430      0.000000
   -1.371740      0.000000
   -1.371051      0.000000
   -1.370361      0.000000
   -1.369672      0.000000
   -1.368982      0.000000
   -1.368292      0.000000
   -1.367603      0.000000
   -1.366913      0.000000
   -1.366224      0.000000
   -1.365534      0.000000
   -1.364845      0.000000
   -1.364155      0.000000
   -1.363465      0.000000
   -1.362776      0.000000
   -1.362086      0.000000
   -1.361397      0.000000
   -1.360707      0.000000
   -1.360018      0.000000
   -1.359328      0.000000
   -1.358638      0.000000
   -1.357949      0.000000
   -1.357259      0.000000
   -1.356570      0.000000
   -1.355880      0.000000
   -1.355191      0.000000
   -1.354501      0.000000
   -1.353811      0.000000
   -1.353122      0.000000
   -1.352432      0.000000
   -1.351743      0.000000
   -1.351053      0.000000
   -1.350364      0.000000
   -1.349674      0.000000
   -1.348985      0.000000
   -1.348295      0.000000
   -1.347605      0.000000
   -1.346916      0.000000
   -1.346226      0.000000
   -1.345537      0.000000
   -1.344847      0.000000
   -1.344158      0.000000
   -1.343468      0.000000
   -1.342778      0.000000
   -1.342089      0.000000
   -1.341399      0.000000
   -1.340710      0.000000
   -1.340020      0.000000
   -1.339331      0.000000
   -1.338641      0.000000
   -1.337951      0.000000
   -1.337262      0.000000
   -1.336572      0.000000
   -1.335883      0.000000
   -1.335193      0.000000
   -1.334504      0.000000
   -1.333814      0.000000
   -1.333124      0.000000
   -1.332435      0.000000
   -1.331745      0.000000
   -1.331056      0.000000
   -1.330366      0.000000
   -1.329677      0.000000
   -1.328987      0.000000
   -1.328297      0.000000
   -1.327608      0.000000
   -1.326918      0.000000
   -1.326229      0.000000
   -1.325539      0.000000
   -1.324850      0.000000
   -1.324160      0.000000
   -1.323470      0.000000
   -1.322781      0.000000
   -1.322091      0.000000
   -1.321402      0.000000
   -1.320712      0.000000
   -1.320023      0.000000
   -1.319333      0.000000
   -1.318643      0.000000
   -1.317954      0.000000
   -1.317264      0.000000
   -1.316575      0.000000
   -1.315885      0.000000
   -1.315196      0.000000
   -1.314506      0.000000
   -1.313817      0.000000
   -1.313127      0.000000
   -1.312437      0.000000
   -1.311748      0.000000
   -1.311058      0.000000
   -1.310369      0.000000
   -1.309679      0.000000
   -1.308990      0.000000
   -1.308300      0.000000
   -1.307610      0.000000
   -1.306921      0.000000
   -1.306231      0.000000
   -1.305542      0.000000
   -1.304852      0.000000
   -1.304163      0.000000
   -1.303473      0.000000
   -1.302783      0.000000
   -1.302094      0.000000
   -1.301404      0.000000
   -1.300715      0.000000
   -1.300025      0.000000
   -1.299336      0.000000
   -1.298646      0.000000
   -1.297956      0.000000
   -1.297267      0.000000
   -1.296577      0.000000
   -1.295888      0.000000
   -1.295198      0.000000
   -1.294509      0.000000
   -1.293819      0.000000
   -1.293129      0.000000
   -1.292440      0.000000
   -1.291750      0.000000
   -1.291061      0.000000
   -1.290371      0.000000
   -1.289682      0.000000
   -1.288992      0.000000
   -1.288302      0.000000
   -1.287613      0.000000
   -1.286923      0.000000
   -1.286234      0.000000
   -1.285544      0.000000
   -1.284855      0.000000
   -1.284165      0.000000
   -1.283476      0.000000
   -1.282786      0.000000
   -1.282096      0.000000
   -1.281407      0.000000
   -1.280717      0.000000
   -1.280028      0.000000
   -1.279338      0.000000
   -1.278649      0.000000
   -1.277959      0.000000
   -1.277269      0.000000
   -1.276580      0.000000
   -1.275890      0.000000
   -1.275201      0.000000
   -1.274511      0.000000
   -1.273822      0.000000
   -1.273132      0.000000
   -1.272442      0.000000
   -1.271753      0.000000
   -1.271063      0.000000
   -1.270374      0.000000
   -1.269684      0.000000
   -1.268995      0.000000
   -1.268305      0.000000
   -1.267615      0.000000
   -1.266926      0.000000
   -1.266236      0.000000
   -1.265547      0.000000
   -1.264857      0.000000
   -1.264168      0.000000
   -1.263478      0.000000
   -1.262788      0.000000
   -1.262099      0.000000
   -1.261409      0.000000
   -1.260720      0.000000
   -1.260030      0.000000
   -1.259341      0.000000
   -1.258651      0.000000
   -1.257961      0.000000
   -1.257272      0.000000
   -1.256582      0.000000
   -1.255893      0.000000
   -1.255203      0.000000
   -1.254514      0.000000
   -1.253824      0.000000
   -1.253134      0.000000
   -1.252445      0.000000
   -1.251755      0.000000
   -1.251066      0.000000
   -1.250376      0.000000
   -1.249687      0.000000
   -1.248997      0.000000
   -1.248308      0.000000
   -1.247618      0.000000
   -1.246928      0.000000
   -1.246239      0.000000
   -1.245549      0.000000
   -1.244860      0.000000
   -1.244170      0.000000
   -1.243481      0.000000
   -1.242791      0.000000
   -1.242101      0.000000
   -1.241412      0.000000
   -1.240722      0.000000
   -1.240033      0.000000
   -1.239343      0.000000
   -1.238654      0.000000
   -1.237964      0.000000
   -1.237274      0.000000
   -1.236585      0.000000
   -1.235895      0.000000
   -1.235206      0.000000
   -1.234516      0.000000
   -1.233827      0.000000
   -1.233137      0.000000
   -1.232447      0.000000
   -1.231758      0.000000
   -1.231068      0.000000
   -1.230379      0.000000
   -1.229689      0.000000
   -1.229000      0.000000
   -1.228310      0.000000
   -1.227620      0.000000
   -1.226931      0.000000
   -1.226241      0.000000
   -1.225552      0.000000
   -1.224862      0.000000
   -1.224173      0.000000
   -1.223483      0.000000
   -1.222793      0.000000
   -1.222104      0.000000
   -1.221414      0.000000
   -1.220725      0.000000
   -1.220035      0.000000
   -1.219346      0.000000
   -1.218656      0.000000
   -1.217966      0.000000
   -1.217277      0.000000
   -1.216587      0.000000
   -1.215898      0.000000
   -1.215208      0.000000
   -1.214519      0.000000
   -1.213829      0.000000
   -1.213140      0.000000
   -1.212450      0.000000
   -1.211760      0.000000
   -1.211071      0.000000
   -1.210381      0.000000
   -1.209692      0.000000
   -1.209002      0.000000
   -1.208313      0.000000
   -1.207623      0.000000
   -1.206933      0.000000
   -1.206244      0.000000
   -1.205554      0.000000
   -1.204865      0.000000
   -1.204175      0.000000
   -1.203486      0.000000
   -1.202796      0.000000
   -1.202106      0.000000
   -1.201417      0.000000
   -1.200727      0.000000
   -1.200038      0.000000
   -1.199348      0.000000
   -1.198659      0.000000
   -1.197969      0.000000
   -1.197279      0.000000
   -1.196590      0.000000
   -1.195900      0.000000
   -1.195211      0.000000
   -1.194521      0.000000
   -1.193832      0.000000
   -1.193142      0.000000
   -1.192452      0.000000
   -1.191763      0.000000
   -1.191073      0.000000
   -1.190384      0.000000
   -1.189694      0.000000
   -1.189005      0.000000
   -1.188315      0.000000
   -1.187625      0.000000
   -1.186936      0.000000
   -1.186246      0.000000
   -1.185557      0.000000
   -1.184867      0.000000
   -1.184178      0.000000
   -1.183488      0.000000
   -1.182799      0.000000
   -1.182109      0.000000
   -1.181419      0.000000
   -1.180730      0.000000
   -1.180040      0.000000
   -1.179351      0.000000
   -1.178661      0.000000
   -1.177972      0.000000
   -1.177282      0.000000
   -1.176592      0.000000
   -1.175903      0.000000
   -1.175213      0.000000
   -1.174524      0.000000
   -1.173834      0.000000
   -1.173145      0.000000
   -1.172455      0.000000
   -1.171765      0.000000
   -1.171076      0.000000
   -1.170386      0.000000
   -1.169697      0.000000
   -1.169007      0.000000
   -1.168318      0.000000
   -1.167628      0.000000
   -1.166938      0.000000
   -1.166249      0.000000
   -1.165559      0.000000
   -1.164870      0.000000
   -1.164180      0.000000
   -1.163491      0.000000
   -1.162801      0.000000
   -1.162111      0.000000
   -1.161422      0.000000
   -1.160732      0.000000
   -1.160043      0.000000
   -1.159353      0.000000
   -1.158664      0.000000
   -1.157974      0.000000
   -1.157284      0.000000
   -1.156595      0.000000
   -1.155905      0.000000
   -1.155216      0.000000
   -1.154526      0.000000
   -1.153837      0.000000
   -1.153147      0.000000
   -1.152457      0.000000
   -1.151768      0.000000
   -1.151078      0.000000
   -1.150389      0.000000
   -1.149699      0.000000
   -1.149010      0.000000
   -1.148320      0.000000
   -1.147631      0.000000
   -1.146941      0.000000
   -1.146251      0.000000
   -1.145562      0.000000
   -1.144872      0.000000
   -1.144183      0.000000
   -1.143493      0.000000
   -1.142804      0.000000
   -1.142114      0.000000
   -1.141424      0.000000
   -1.140735      0.000000
   -1.140045      0.000000
   -1.139356      0.000000
   -1.138666      0.000000
   -1.137977      0.000000
   -1.137287      0.000000
   -1.136597      0.000000
   -1.135908      0.000000
   -1.135218      0.000000
   -1.134529      0.000000
   -1.133839      0.000000
   -1.133150      0.000000
   -1.132460      0.000000
   -1.131770      0.000000
   -1.131081      0.000000
   -1.130391      0.000000
   -1.129702      0.000000
   -1.129012      0.000000
   -1.128323      0.000000
   -1.127633      0.000000
   -1.126943      0.000000
   -1.126254      0.000000
   -1.125564      0.000000
   -1.124875      0.000000
   -1.124185      0.000000
   -1.123496      0.000000
   -1.122806      0.000000
   -1.122116      0.000000
   -1.121427      0.000000
   -1.120737      0.000000
   -1.120048      0.000000
   -1.119358      0.000000
   -1.118669      0.000000
   -1.117979      0.000000
   -1.117290      0.000000
   -1.116600      0.000000
   -1.115910      0.000000
   -1.115221      0.000000
   -1.114531      0.000000
   -1.113842      0.000000
   -1.113152      0.000000
   -1.112463      0.000000
   -1.111773      0.000000
   -1.111083      0.000000
   -1.110394      0.000000
   -1.109704      0.000000
   -1.109015      0.000000
   -1.108325      0.000000
   -1.107636      0.000000
   -1.106946      0.000000
   -1.106256      0.000000
   -1.105567      0.000000
   -1.104877      0.000000
   -1.104188      0.000000
   -1.103498      0.000000
   -1.102809      0.000000
   -1.102119      0.000000
   -1.101429      0.000000
   -1.100740      0.000000
   -1.100050      0.000000
   -1.099361      0.000000
   -1.098671      0.000000
   -1.097982      0.000000
   -1.097292      0.000000
   -1.096602      0.000000
   -1.095913      0.000000
   -1.095223      0.000000
   -1.094534      0.000000
   -1.093844      0.000000
   -1.093155      0.000000
   -1.092465      0.000000
   -1.091775      0.000000
   -1.091086      0.000000
   -1.090396      0.000000
   -1.089707      0.000000
   -1.089017      0.000000
   -1.088328      0.000000
   -1.087638      0.000000
   -1.086948      0.000000
   -1.086259      0.000000
   -1.085569      0.000000
   -1.084880      0.000000
   -1.084190      0.000000
   -1.083501      0.000000
   -1.082811      0.000000
   -1.082122      0.000000
   -1.081432      0.000000
   -1.080742      0.000000
   -1.080053      0.000000
   -1.079363      0.000000
   -1.078674      0.000000
   -1.077984      0.000000
   -1.077295      0.000000
   -1.076605      0.000000
   -1.075915      0.000000
   -1.075226      0.000000
   -1.074536      0.000000
   -1.073847      0.000000
   -1.073157      0.000000
   -1.072468      0.000000
   -1.071778      0.000000
   -1.071088      0.000000
   -1.070399      0.000000
   -1.069709      0.000000
   -1.069020      0.000000
   -1.068330      0.000000
   -1.067641      0.000000
   -1.066951      0.000000
   -1.066261      0.000000
   -1.065572      0.000000
   -1.064882      0.000000
   -1.064193      0.000000
   -1.063503      0.000000
   -1.062814      0.000000
   -1.062124      0.000000
   -1.061434      0.000000
   -1.060745      0.000000
   -1.060055      0.000000
   -1.059366      0.000000
   -1.058676      0.000000
   -1.057987      0.000000
   -1.057297      0.000000
   -1.056607      0.000000
   -1.055918      0.000000
   -1.055228      0.000000
   -1.054539      0.000000
   -1.053849      0.000000
   -1.053160      0.000000
   -1.052470      0.000000
   -1.051780      0.000000
   -1.051091      0.000000
   -1.050401      0.000000
   -1.049712      0.000000
   -1.049022      0.000000
   -1.048333      0.000000
   -1.047643      0.000000
   -1.046954      0.000000
   -1.046264      0.000000
   -1.045574      0.000000
   -1.044885      0.000000
   -1.044195      0.000000
   -1.043506      0.000000
   -1.042816      0.000000
   -1.042127      0.000000
   -1.041437      0.000000
   -1.040747      0.000000
   -1.040058      0.000000
   -1.039368      0.000000
   -1.038679      0.000000
   -1.037989      0.000000
   -1.037300      0.000000
   -1.036610      0.000000
   -1.035920      0.000000
   -1.035231      0.000000
   -1.034541      0.000000
   -1.033852      0.000000
   -1.033162      0.000000
   -1.032473      0.000000
   -1.031783      0.000000
   -1.031093      0.000000
   -1.030404      0.000000
   -1.029714      0.000000
   -1.029025      0.000000
   -1.028335      0.000000
   -1.027646      0.000000
   -1.026956      0.000000
   -1.026266      0.000000
   -1.025577      0.000000
   -1.024887      0.000000
   -1.024198      0.000000
   -1.023508      0.000000
   -1.022819      0.000000
   -1.022129      0.000000
   -1.021439      0.000000
   -1.020750      0.000000
   -1.020060      0.000000
   -1.019371      0.000000
   -1.018681      0.000000
   -1.017992      0.000000
   -1.017302      0.000000
   -1.016613      0.000000
   -1.015923      0.000000
   -1.015233      0.000000
   -1.014544      0.000000
   -1.013854      0.000000
   -1.013165      0.000000
   -1.012475      0.000000
   -1.011786      0.000000
   -1.011096      0.000000
   -1.010406      0.000000
   -1.009717      0.000000
   -1.009027      0.000000
   -1.008338      0.000000
   -1.007648      0.000000
   -1.006959      0.000000
   -1.006269      0.000000
   -1.005579      0.000000
   -1.004890      0.000000
   -1.004200      0.000000
   -1.003511      0.000000
   -1.002821      0.000000
   -1.002132      0.000000
   -1.001442      0.000000
   -1.000752      0.000000
   -1.000063      0.000000
   -0.999373      0.000000
   -0.998684      0.000000
   -0.997994      0.000000
   -0.997305      0.000000
   -0.996615      0.000000
   -0.995925      0.000000
   -0.995236      0.000000
   -0.994546      0.000000
   -0.993857      0.000000
   -0.993167      0.000000
   -0.992478      0.000000
   -0.991788      0.000000
   -0.991098      0.000000
   -0.990409      0.000000
   -0.989719      0.000000
   -0.989030      0.000000
   -0.988340      0.000000
   -0.987651      0.000000
   -0.986961      0.000000
   -0.986271      0.000000
   -0.985582      0.000000
   -0.984892      0.000000
   -0.984203      0.000000
   -0.983513      0.000000
   -0.982824      0.000000
   -0.982134      0.000000
   -0.981445      0.000000
   -0.980755      0.000000
   -0.980065      0.000000
   -0.979376      0.000000
   -0.978686      0.000000
   -0.977997      0.000000
   -0.977307      0.000000
   -0.976618      0.000000
   -0.975928      0.000000
   -0.975238      0.000000
   -0.974549      0.000000
   -0.973859      0.000000
   -0.973170      0.000000
   -0.972480      0.000000
   -0.971791      0.000000
   -0.971101      0.000000
   -0.970411      0.000000
   -0.969722      0.000000
   -0.969032      0.000000
   -0.968343      0.000000
   -0.967653      0.000000
   -0.966964      0.000000
   -0.966274      0.000000
   -0.965584      0.000000
   -0.964895      0.000000
   -0.964205      0.000000
   -0.963516      0.000000
   -0.962826      0.000000
   -0.962137      0.000000
   -0.961447      0.000000
   -0.960757      0.000000
   -0.960068      0.000000
   -0.959378      0.000000
   -0.958689      0.000000
   -0.957999      0.000000
   -0.957310      0.000000
   -0.956620      0.000000
   -0.955930      0.000000
   -0.955241      0.000000
   -0.954551      0.000000
   -0.953862      0.000000
   -0.953172      0.000000
   -0.952483      0.000000
   -0.951793      0.000000
   -0.951104      0.000000
   -0.950414      0.000000
   -0.949724      0.000000
   -0.949035      0.000000
   -0.948345      0.000000
   -0.947656      0.000000
   -0.946966      0.000000
   -0.946277      0.000000
   -0.945587      0.000000
   -0.944897      0.000000
   -0.944208      0.000000
   -0.943518      0.000000
   -0.942829      0.000000
   -0.942139      0.000000
   -0.941450      0.000000
   -0.940760      0.000000
   -0.940070      0.000000
   -0.939381      0.000000
   -0.938691      0.000000
   -0.938002      0.000000
   -0.937312      0.000000
   -0.936623      0.000000
   -0.935933      0.000000
   -0.935243      0.000000
   -0.934554      0.000000
   -0.933864      0.000000
   -0.933175      0.000000
   -0.932485      0.000000
   -0.931796      0.000000
   -0.931106      0.000000
   -0.930416      0.000000
   -0.929727      0.000000
   -0.929037      0.000000
   -0.928348      0.000000
   -0.927658      0.000000
   -0.926969      0.000000
   -0.926279      0.000000
   -0.925589      0.000000
   -0.924900      0.000000
   -0.924210      0.000000
   -0.923521      0.000000
   -0.922831      0.000000
   -0.922142      0.000000
   -0.921452      0.000000
   -0.920762      0.000000
   -0.920073      0.000000
   -0.919383      0.000000
   -0.918694      0.000000
   -0.918004      0.000000
   -0.917315      0.000000
   -0.916625      0.000000
   -0.915936      0.000000
   -0.915246      0.000000
   -0.914556      0.000000
   -0.913867      0.000000
   -0.913177      0.000000
   -0.912488      0.000000
   -0.911798      0.000000
   -0.911109      0.000000
   -0.910419      0.000000
   -0.909729      0.000000
   -0.909040      0.000000
   -0.908350      0.000000
   -0.907661      0.000000
   -0.906971      0.000000
   -0.906282      0.000000
   -0.905592      0.000000
   -0.904902      0.000000
   -0.904213      0.000000
   -0.903523      0.000000
   -0.902834      0.000000
   -0.902144      0.000000
   -0.901455      0.000000
   -0.900765      0.000000
   -0.900075      0.000000
   -0.899386      0.000000
   -0.898696      0.000001
   -0.898007      0.006029
   -0.897317      0.012556
   -0.896628      0.022198
   -0.895938      0.031955
   -0.895248      0.043588
   -0.894559      0.056823
   -0.893869      0.072695
   -0.893180      0.091391
   -0.892490      0.113712
   -0.891801      0.140415
   -0.891111      0.172465
   -0.890421      0.210978
   -0.889732      0.257254
   -0.889042      0.312789
   -0.888353      0.379271
   -0.887663      0.458544
   -0.886974      0.557568
   -0.886284      0.670514
   -0.885594      0.799526
   -0.884905      0.951624
   -0.884215      1.132516
   -0.883526      1.311475
   -0.882836      1.520944
   -0.882147      1.723410
   -0.881457      1.934931
   -0.880768      2.145996
   -0.880078      2.347649
   -0.879388      2.535968
   -0.878699      2.707390
   -0.878009      2.858930
   -0.877320      2.991302
   -0.876630      3.105450
   -0.875941      3.203053
   -0.875251      3.286789
   -0.874561      3.359635
   -0.873872      3.424769
   -0.873182      3.483091
   -0.872493      3.535736
   -0.871803      3.585306
   -0.871114      3.633579
   -0.870424      3.682233
   -0.869734      3.731998
   -0.869045      3.783603
   -0.868355      3.837634
   -0.867666      3.894543
   -0.866976      3.954668
   -0.866287      4.018243
   -0.865597      4.085415
   -0.864907      4.156257
   -0.864218      4.230773
   -0.863528      4.308907
   -0.862839      4.390549
   -0.862149      4.475542
   -0.861460      4.563684
   -0.860770      4.654731
   -0.860080      4.748406
   -0.859391      4.844399
   -0.858701      4.942372
   -0.858012      5.041964
   -0.857322      5.142797
   -0.856633      5.244480
   -0.855943      5.346611
   -0.855253      5.448791
   -0.854564      5.550620
   -0.853874      5.651710
   -0.853185      5.751688
   -0.852495      5.850200
   -0.851806      5.946918
   -0.851116      6.041544
   -0.850427      6.133814
   -0.849737      6.223499
   -0.849047      6.310411
   -0.848358      6.394399
   -0.847668      6.475356
   -0.846979      6.553211
   -0.846289      6.627935
   -0.845600      6.699534
   -0.844910      6.768049
   -0.844220      6.833550
   -0.843531      6.896137
   -0.842841      6.955934
   -0.842152      7.013084
   -0.841462      7.067748
   -0.840773      7.120099
   -0.840083      7.170323
   -0.839393      7.218609
   -0.838704      7.265152
   -0.838014      7.310148
   -0.837325      7.353794
   -0.836635      7.396284
   -0.835946      7.437806
   -0.835256      7.478547
   -0.834566      7.518684
   -0.833877      7.558392
   -0.833187      7.597834
   -0.832498      7.637168
   -0.831808      7.676546
   -0.831119      7.716110
   -0.830429      7.755995
   -0.829739      7.796327
   -0.829050      7.837227
   -0.828360      7.878807
   -0.827671      7.921171
   -0.826981      7.964417
   -0.826292      8.008635
   -0.825602      8.053908
   -0.824912      8.100313
   -0.824223      8.147919
   -0.823533      8.196787
   -0.822844      8.246974
   -0.822154      8.298528
   -0.821465      8.351492
   -0.820775      8.405900
   -0.820085      8.461782
   -0.819396      8.519161
   -0.818706      8.578051
   -0.818017      8.638463
   -0.817327      8.700401
   -0.816638      8.763862
   -0.815948      8.828838
   -0.815259      8.895315
   -0.814569      8.963275
   -0.813879      9.032693
   -0.813190      9.103539
   -0.812500      9.175782
   -0.811811      9.249381
   -0.811121      9.324295
   -0.810432      9.400479
   -0.809742      9.477882
   -0.809052      9.556451
   -0.808363      9.636131
   -0.807673      9.716864
   -0.806984      9.798587
   -0.806294      9.881238
   -0.805605      9.964752
   -0.804915     10.049060
   -0.804225     10.134094
   -0.803536     10.219784
   -0.802846     10.306059
   -0.802157     10.392845
   -0.801467     10.480071
   -0.800778     10.567661
   -0.800088     10.655542
   -0.799398     10.743639
   -0.798709     10.831878
   -0.798019     10.920185
   -0.797330     11.008486
   -0.796640     11.096708
   -0.795951     11.184780
   -0.795261     11.272630
   -0.794571     11.360190
   -0.793882     11.447392
   -0.793192     11.534171
   -0.792503     11.620462
   -0.791813     11.706207
   -0.791124     11.791347
   -0.790434     11.875828
   -0.789744     11.959598
   -0.789055     12.042609
   -0.788365     12.124817
   -0.787676     12.206182
   -0.786986     12.286668
   -0.786297     12.366243
   -0.785607     12.444879
   -0.784918     12.522554
   -0.784228     12.599248
   -0.783538     12.674948
   -0.782849     12.749643
   -0.782159     12.823330
   -0.781470     12.896008
   -0.780780     12.967679
   -0.780091     13.038354
   -0.779401     13.108044
   -0.778711     13.176767
   -0.778022     13.244543
   -0.777332     13.311397
   -0.776643     13.377357
   -0.775953     13.442456
   -0.775264     13.506729
   -0.774574     13.570215
   -0.773884     13.632956
   -0.773195     13.694995
   -0.772505     13.756381
   -0.771816     13.817163
   -0.771126     13.877391
   -0.770437     13.937121
   -0.769747     13.996406
   -0.769057     14.055304
   -0.768368     14.113873
   -0.767678     14.172170
   -0.766989     14.230257
   -0.766299     14.288193
   -0.765610     14.346038
   -0.764920     14.403853
   -0.764230     14.461699
   -0.763541     14.519635
   -0.762851     14.577720
   -0.762162     14.636014
   -0.761472     14.694574
   -0.760783     14.753457
   -0.760093     14.812719
   -0.759403     14.872413
   -0.758714     14.932591
   -0.758024     14.993305
   -0.757335     15.054604
   -0.756645     15.116535
   -0.755956     15.179143
   -0.755266     15.242472
   -0.754576     15.306563
   -0.753887     15.371455
   -0.753197     15.437185
   -0.752508     15.503788
   -0.751818     15.571297
   -0.751129     15.639743
   -0.750439     15.709154
   -0.749750     15.779557
   -0.749060     15.850976
   -0.748370     15.923434
   -0.747681     15.996951
   -0.746991     16.071546
   -0.746302     16.147234
   -0.745612     16.224031
   -0.744923     16.301949
   -0.744233     16.380999
   -0.743543     16.461191
   -0.742854     16.542531
   -0.742164     16.625025
   -0.741475     16.708678
   -0.740785     16.793491
   -0.740096     16.879465
   -0.739406     16.966600
   -0.738716     17.054892
   -0.738027     17.144339
   -0.737337     17.234934
   -0.736648     17.326671
   -0.735958     17.419540
   -0.735269     17.513534
   -0.734579     17.608639
   -0.733889     17.704843
   -0.733200     17.802133
   -0.732510     17.900492
   -0.731821     17.999904
   -0.731131     18.100351
   -0.730442     18.201812
   -0.729752     18.304267
   -0.729062     18.407694
   -0.728373     18.512070
   -0.727683     18.617368
   -0.726994     18.723564
   -0.726304     18.830630
   -0.725615     18.938537
   -0.724925     19.047257
   -0.724235     19.156758
   -0.723546     19.267009
   -0.722856     19.377977
   -0.722167     19.489628
   -0.721477     19.601927
   -0.720788     19.714840
   -0.720098     19.828330
   -0.719408     19.942361
   -0.718719     20.056894
   -0.718029     20.171892
   -0.717340     20.287318
   -0.716650     20.403132
   -0.715961     20.519295
   -0.715271     20.635770
   -0.714582     20.752519
   -0.713892     20.869501
   -0.713202     20.986682
   -0.712513     21.104022
   -0.711823     21.221486
   -0.711134     21.339039
   -0.710444     21.456646
   -0.709755     21.574275
   -0.709065     21.691895
   -0.708375     21.809475
   -0.707686     21.926990
   -0.706996     22.044412
   -0.706307     22.161721
   -0.705617     22.278894
   -0.704928     22.395914
   -0.704238     22.512768
   -0.703548     22.629444
   -0.702859     22.745934
   -0.702169     22.862233
   -0.701480     22.978343
   -0.700790     23.094265
   -0.700101     23.210010
   -0.699411     23.325588
   -0.698721     23.441017
   -0.698032     23.556319
   -0.697342     23.671521
   -0.696653     23.786653
   -0.695963     23.901752
   -0.695274     24.016861
   -0.694584     24.132027
   -0.693894     24.247302
   -0.693205     24.362744
   -0.692515     24.478416
   -0.691826     24.594388
   -0.691136     24.710734
   -0.690447     24.827533
   -0.689757     24.944871
   -0.689067     25.062838
   -0.688378     25.181530
   -0.687688     25.301049
   -0.686999     25.421501
   -0.686309     25.542997
   -0.685620     25.665654
   -0.684930     25.789593
   -0.684241     25.914942
   -0.683551     26.041830
   -0.682861     26.170393
   -0.682172     26.300771
   -0.681482     26.433110
   -0.680793     26.567557
   -0.680103     26.704265
   -0.679414     26.843392
   -0.678724     26.985098
   -0.678034     27.129548
   -0.677345     27.276912
   -0.676655     27.427361
   -0.675966     27.581071
   -0.675276     27.738223
   -0.674587     27.899000
   -0.673897     28.063590
   -0.673207     28.232183
   -0.672518     28.404975
   -0.671828     28.582163
   -0.671139     28.763950
   -0.670449     28.950543
   -0.669760     29.142152
   -0.669070     29.338991
   -0.668380     29.541280
   -0.667691     29.749242
   -0.667001     29.963104
   -0.666312     30.183101
   -0.665622     30.409470
   -0.664933     30.642455
   -0.664243     30.882305
   -0.663553     31.129274
   -0.662864     31.383625
   -0.662174     31.645626
   -0.661485     31.915550
   -0.660795     32.193680
   -0.660106     32.480306
   -0.659416     32.775726
   -0.658726     33.080245
   -0.658037     33.394179
   -0.657347     33.717852
   -0.656658     34.051598
   -0.655968     34.395762
   -0.655279     34.750698
   -0.654589     35.116772
   -0.653899     35.494363
   -0.653210     35.883860
   -0.652520     36.285666
   -0.651831     36.700198
   -0.651141     37.127883
   -0.650452     37.569167
   -0.649762     38.024507
   -0.649073     38.494376
   -0.648383     38.979264
   -0.647693     39.479676
   -0.647004     39.996132
   -0.646314     40.529171
   -0.645625     41.079347
   -0.644935     41.647233
   -0.644246     42.233418
   -0.643556     42.838511
   -0.642866     43.463135
   -0.642177     44.107934
   -0.641487     44.773567
   -0.640798     45.460711
   -0.640108     46.170061
   -0.639419     46.902325
   -0.638729     47.658228
   -0.638039     48.438511
   -0.637350     49.243924
   -0.636660     50.075232
   -0.635971     50.933208
   -0.635281     51.818633
   -0.634592     52.732294
   -0.633902     53.674980
   -0.633212     54.647481
   -0.632523     55.650582
   -0.631833     56.685061
   -0.631144     57.751684
   -0.630454     58.851201
   -0.629765     59.984340
   -0.629075     61.151802
   -0.628385     62.354255
   -0.627696     63.592327
   -0.627006     64.866598
   -0.626317     66.177596
   -0.625627     67.525784
   -0.624938     68.911554
   -0.624248     70.335220
   -0.623558     71.797002
   -0.622869     73.297024
   -0.622179     74.835294
   -0.621490     76.411702
   -0.620800     78.026000
   -0.620111     79.677795
   -0.619421     81.366533
   -0.618732     83.091485
   -0.618042     84.851737
   -0.617352     86.646170
   -0.616663     88.473449
   -0.615973     90.332007
   -0.615284     92.220032
   -0.614594     94.135450
   -0.613905     96.075913
   -0.613215     98.038787
   -0.612525    100.021145
   -0.611836    102.019751
   -0.611146    104.031067
   -0.610457    106.051240
   -0.609767    108.076117
   -0.609078    110.101248
   -0.608388    112.121902
   -0.607698    114.133093
   -0.607009    116.129606
   -0.606319    118.106034
   -0.605630    120.056824
   -0.604940    121.976325
   -0.604251    123.858849
   -0.603561    125.698731
   -0.602871    127.490393
   -0.602182    129.228420
   -0.601492    130.907624
   -0.600803    132.523119
   -0.600113    134.070389
   -0.599424    135.545350
   -0.598734    136.944419
   -0.598044    138.264562
   -0.597355    139.503345
   -0.596665    140.658967
   -0.595976    141.730292
   -0.595286    142.716859
   -0.594597    143.618881
   -0.593907    144.437231
   -0.593217    145.173412
   -0.592528    145.829518
   -0.591838    146.408173
   -0.591149    146.912477
   -0.590459    147.345930
   -0.589770    147.712365
   -0.589080    148.015875
   -0.588390    148.260744
   -0.587701    148.451384
   -0.587011    148.592276
   -0.586322    148.687920
   -0.585632    148.742792
   -0.584943    148.761305
   -0.584253    148.747787
   -0.583564    148.706450
   -0.582874    148.641376
   -0.582184    148.556506
   -0.581495    148.455625
   -0.580805    148.342361
   -0.580116    148.220180
   -0.579426    148.092383
   -0.578737    147.962106
   -0.578047    147.832323
   -0.577357    147.705849
   -0.576668    147.585339
   -0.575978    147.473296
   -0.575289    147.372075
   -0.574599    147.283887
   -0.573910    147.210805
   -0.573220    147.154769
   -0.572530    147.117594
   -0.571841    147.100973
   -0.571151    147.106485
   -0.570462    147.135601
   -0.569772    147.189688
   -0.569083    147.270020
   -0.568393    147.377776
   -0.567703    147.514053
   -0.567014    147.679864
   -0.566324    147.876151
   -0.565635    148.103782
   -0.564945    148.363561
   -0.564256    148.656228
   -0.563566    148.982465
   -0.562876    149.342897
   -0.562187    149.738100
   -0.561497    150.168596
   -0.560808    150.634862
   -0.560118    151.137325
   -0.559429    151.676371
   -0.558739    152.252340
   -0.558049    152.865528
   -0.557360    153.516188
   -0.556670    154.204532
   -0.555981    154.930724
   -0.555291    155.694886
   -0.554602    156.497091
   -0.553912    157.337367
   -0.553223    158.215689
   -0.552533    159.131982
   -0.551843    160.086116
   -0.551154    161.077901
   -0.550464    162.107088
   -0.549775    163.173363
   -0.549085    164.276343
   -0.548396    165.415576
   -0.547706    166.590529
   -0.547016    167.800594
   -0.546327    169.045075
   -0.545637    170.323189
   -0.544948    171.634058
   -0.544258    172.976711
   -0.543569    174.350071
   -0.542879    175.752957
   -0.542189    177.184081
   -0.541500    178.642041
   -0.540810    180.125318
   -0.540121    181.632276
   -0.539431    183.161158
   -0.538742    184.710085
   -0.538052    186.277055
   -0.537362    187.859941
   -0.536673    189.456494
   -0.535983    191.064341
   -0.535294    192.680990
   -0.534604    194.303833
   -0.533915    195.930146
   -0.533225    197.557099
   -0.532535    199.181759
   -0.531846    200.801097
   -0.531156    202.411998
   -0.530467    204.011267
   -0.529777    205.595644
   -0.529088    207.161809
   -0.528398    208.706399
   -0.527708    210.226021
   -0.527019    211.717263
   -0.526329    213.176712
   -0.525640    214.600969
   -0.524950    215.986664
   -0.524261    217.330475
   -0.523571    218.629146
   -0.522881    219.879501
   -0.522192    221.078468
   -0.521502    222.223093
   -0.520813    223.310557
   -0.520123    224.338200
   -0.519434    225.303533
   -0.518744    226.204255
   -0.518055    227.038274
   -0.517365    227.803714
   -0.516675    228.498936
   -0.515986    229.122545
   -0.515296    229.673404
   -0.514607    230.150639
   -0.513917    230.553648
   -0.513228    230.882105
   -0.512538    231.135959
   -0.511848    231.315439
   -0.511159    231.421045
   -0.510469    231.453546
   -0.509780    231.413971
   -0.509090    231.303602
   -0.508401    231.123959
   -0.507711    230.876784
   -0.507021    230.564035
   -0.506332    230.187858
   -0.505642    229.750577
   -0.504953    229.254677
   -0.504263    228.702780
   -0.503574    228.097630
   -0.502884    227.442075
   -0.502194    226.739052
   -0.501505    225.991564
   -0.500815    225.202670
   -0.500126    224.375464
   -0.499436    223.513067
   -0.498747    222.618605
   -0.498057    221.695202
   -0.497367    220.745963
   -0.496678    219.773962
   -0.495988    218.782230
   -0.495299    217.773740
   -0.494609    216.751396
   -0.493920    215.718019
   -0.493230    214.676335
   -0.492540    213.628963
   -0.491851    212.578404
   -0.491161    211.527029
   -0.490472    210.477073
   -0.489782    209.430626
   -0.489093    208.389626
   -0.488403    207.355862
   -0.487713    206.330970
   -0.487024    205.316436
   -0.486334    204.313607
   -0.485645    203.323695
   -0.484955    202.347791
   -0.484266    201.386879
   -0.483576    200.441853
   -0.482887    199.513529
   -0.482197    198.602665
   -0.481507    197.709975
   -0.480818    196.836139
   -0.480128    195.981820
   -0.479439    195.147665
   -0.478749    194.334314
   -0.478060    193.542399
   -0.477370    192.772542
   -0.476680    192.025354
   -0.475991    191.301426
   -0.475301    190.601327
   -0.474612    189.925591
   -0.473922    189.274719
   -0.473233    188.649164
   -0.472543    188.049334
   -0.471853    187.475583
   -0.471164    186.928212
   -0.470474    186.407467
   -0.469785    185.913535
   -0.469095    185.446551
   -0.468406    185.006594
   -0.467716    184.593695
   -0.467026    184.207832
   -0.466337    183.848940
   -0.465647    183.516910
   -0.464958    183.211594
   -0.464268    182.932808
   -0.463579    182.680335
   -0.462889    182.453926
   -0.462199    182.253308
   -0.461510    182.078179
   -0.460820    181.928218
   -0.460131    181.803082
   -0.459441    181.702412
   -0.458752    181.625830
   -0.458062    181.572946
   -0.457372    181.543353
   -0.456683    181.536634
   -0.455993    181.552363
   -0.455304    181.590099
   -0.454614    181.649396
   -0.453925    181.729796
   -0.453235    181.830835
   -0.452546    181.952041
   -0.451856    182.092934
   -0.451166    182.253028
   -0.450477    182.431830
   -0.449787    182.628841
   -0.449098    182.843555
   -0.448408    183.075462
   -0.447719    183.324045
   -0.447029    183.588783
   -0.446339    183.869147
   -0.445650    184.164607
   -0.444960    184.474624
   -0.444271    184.798658
   -0.443581    185.136162
   -0.442892    185.486586
   -0.442202    185.849376
   -0.441512    186.223973
   -0.440823    186.609817
   -0.440133    187.006342
   -0.439444    187.412982
   -0.438754    187.829166
   -0.438065    188.254322
   -0.437375    188.687875
   -0.436685    189.129251
   -0.435996    189.577873
   -0.435306    190.033162
   -0.434617    190.494542
   -0.433927    190.961435
   -0.433238    191.433264
   -0.432548    191.909454
   -0.431858    192.389430
   -0.431169    192.872621
   -0.430479    193.358459
   -0.429790    193.846377
   -0.429100    194.335815
   -0.428411    194.826216
   -0.427721    195.317029
   -0.427031    195.807710
   -0.426342    196.297719
   -0.425652    196.786528
   -0.424963    197.273615
   -0.424273    197.758469
   -0.423584    198.240589
   -0.422894    198.719486
   -0.422204    199.194684
   -0.421515    199.665720
   -0.420825    200.132147
   -0.420136    200.593535
   -0.419446    201.049470
   -0.418757    201.499558
   -0.418067    201.943427
   -0.417378    202.380724
   -0.416688    202.811123
   -0.415998    203.234319
   -0.415309    203.650036
   -0.414619    204.058027
   -0.413930    204.458072
   -0.413240    204.849986
   -0.412551    205.233614
   -0.411861    205.608836
   -0.411171    205.975571
   -0.410482    206.333774
   -0.409792    206.683437
   -0.409103    207.024597
   -0.408413    207.357331
   -0.407724    207.681760
   -0.407034    207.998048
   -0.406344    208.306405
   -0.405655    208.607089
   -0.404965    208.900403
   -0.404276    209.186698
   -0.403586    209.466372
   -0.402897    209.739869
   -0.402207    210.007684
   -0.401517    210.270355
   -0.400828    210.528466
   -0.400138    210.782647
   -0.399449    211.033570
   -0.398759    211.281950
   -0.398070    211.528540
   -0.397380    211.774132
   -0.396690    212.019553
   -0.396001    212.265663
   -0.395311    212.513352
   -0.394622    212.763537
   -0.393932    213.017162
   -0.393243    213.275191
   -0.392553    213.538609
   -0.391863    213.808414
   -0.391174    214.085623
   -0.390484    214.371259
   -0.389795    214.666356
   -0.389105    214.971955
   -0.388416    215.289099
   -0.387726    215.618836
   -0.387037    215.962210
   -0.386347    216.320267
   -0.385657    216.694050
   -0.384968    217.084597
   -0.384278    217.492942
   -0.383589    217.920113
   -0.382899    218.367131
   -0.382210    218.835011
   -0.381520    219.324761
   -0.380830    219.837382
   -0.380141    220.373868
   -0.379451    220.935204
   -0.378762    221.522370
   -0.378072    222.136337
   -0.377383    222.778073
   -0.376693    223.448536
   -0.376003    224.148679
   -0.375314    224.879451
   -0.374624    225.641793
   -0.373935    226.436643
   -0.373245    227.264932
   -0.372556    228.127586
   -0.371866    229.025529
   -0.371176    229.959676
   -0.370487    230.930940
   -0.369797    231.940226
   -0.369108    232.988435
   -0.368418    234.076461
   -0.367729    235.205189
   -0.367039    236.375500
   -0.366349    237.588262
   -0.365660    238.844335
   -0.364970    240.144568
   -0.364281    241.489794
   -0.363591    242.880834
   -0.362902    244.318492
   -0.362212    245.803551
   -0.361522    247.336775
   -0.360833    248.918903
   -0.360143    250.550648
   -0.359454    252.232693
   -0.358764    253.965688
   -0.358075    255.750246
   -0.357385    257.586941
   -0.356695    259.476302
   -0.356006    261.418806
   -0.355316    263.414880
   -0.354627    265.464890
   -0.353937    267.569136
   -0.353248    269.727849
   -0.352558    271.941181
   -0.351869    274.209199
   -0.351179    276.531878
   -0.350489    278.909094
   -0.349800    281.340613
   -0.349110    283.826083
   -0.348421    286.365026
   -0.347731    288.956829
   -0.347042    291.600733
   -0.346352    294.295825
   -0.345662    297.041032
   -0.344973    299.835110
   -0.344283    302.676639
   -0.343594    305.564020
   -0.342904    308.495474
   -0.342215    311.469038
   -0.341525    314.482574
   -0.340835    317.533770
   -0.340146    320.620154
   -0.339456    323.739106
   -0.338767    326.887872
   -0.338077    330.063585
   -0.337388    333.263283
   -0.336698    336.483930
   -0.336008    339.722436
   -0.335319    342.975674
   -0.334629    346.240498
   -0.333940    349.513750
   -0.333250    352.792269
   -0.332561    356.072889
   -0.331871    359.352436
   -0.331181    362.627716
   -0.330492    365.895505
   -0.329802    369.152526
   -0.329113    372.395435
   -0.328423    375.620799
   -0.327734    378.825085
   -0.327044    382.004643
   -0.326354    385.155703
   -0.325665    388.274371
   -0.324975    391.356639
   -0.324286    394.398398
   -0.323596    397.395459
   -0.322907    400.343586
   -0.322217    403.238526
   -0.321527    406.076050
   -0.320838    408.851997
   -0.320148    411.562316
   -0.319459    414.203109
   -0.318769    416.770671
   -0.318080    419.261526
   -0.317390    421.672459
   -0.316701    424.000536
   -0.316011    426.243126
   -0.315321    428.397908
   -0.314632    430.462872
   -0.313942    432.436321
   -0.313253    434.316856
   -0.312563    436.103368
   -0.311874    437.795023
   -0.311184    439.391240
   -0.310494    440.891677
   -0.309805    442.296212
   -0.309115    443.604923
   -0.308426    444.818074
   -0.307736    445.936102
   -0.307047    446.959594
   -0.306357    447.889285
   -0.305667    448.726036
   -0.304978    449.470830
   -0.304288    450.124758
   -0.303599    450.689009
   -0.302909    451.164863
   -0.302220    451.553677
   -0.301530    451.856883
   -0.300840    452.075976
   -0.300151    452.212505
   -0.299461    452.268071
   -0.298772    452.244315
   -0.298082    452.142919
   -0.297393    451.965592
   -0.296703    451.714075
   -0.296013    451.390132
   -0.295324    450.995547
   -0.294634    450.532124
   -0.293945    450.001684
   -0.293255    449.406062
   -0.292566    448.747110
   -0.291876    448.026690
   -0.291186    447.246680
   -0.290497    446.408970
   -0.289807    445.515461
   -0.289118    444.568067
   -0.288428    443.568711
   -0.287739    442.519330
   -0.287049    441.421866
   -0.286360    440.278275
   -0.285670    439.090517
   -0.284980    437.860558
   -0.284291    436.590371
   -0.283601    435.281928
   -0.282912    433.937204
   -0.282222    432.558170
   -0.281533    431.146792
   -0.280843    429.705031
   -0.280153    428.234834
   -0.279464    426.738135
   -0.278774    425.216854
   -0.278085    423.672889
   -0.277395    422.108115
   -0.276706    420.524383
   -0.276016    418.923517
   -0.275326    417.307309
   -0.274637    415.677521
   -0.273947    414.035881
   -0.273258    412.384085
   -0.272568    410.723794
   -0.271879    409.056637
   -0.271189    407.384211
   -0.270499    405.708082
   -0.269810    404.029789
   -0.269120    402.350845
   -0.268431    400.672743
   -0.267741    398.996956
   -0.267052    397.324944
   -0.266362    395.658156
   -0.265672    393.998033
   -0.264983    392.346013
   -0.264293    390.703534
   -0.263604    389.072034
   -0.262914    387.452953
   -0.262225    385.847737
   -0.261535    384.257834
   -0.260845    382.684694
   -0.260156    381.129767
   -0.259466    379.594501
   -0.258777    378.080339
   -0.258087    376.588713
   -0.257398    375.121038
   -0.256708    373.678711
   -0.256018    372.263104
   -0.255329    370.875557
   -0.254639    369.517373
   -0.253950    368.189816
   -0.253260    366.894103
   -0.252571    365.631400
   -0.251881    364.402821
   -0.251192    363.209422
   -0.250502    362.052199
   -0.249812    360.932086
   -0.249123    359.849957
   -0.248433    358.806620
   -0.247744    357.802820
   -0.247054    356.839240
   -0.246365    355.916498
   -0.245675    355.035155
   -0.244985    354.195711
   -0.244296    353.398606
   -0.243606    352.644229
   -0.242917    351.932914
   -0.242227    351.264945
   -0.241538    350.640557
   -0.240848    350.059940
   -0.240158    349.523242
   -0.239469    349.030569
   -0.238779    348.581990
   -0.238090    348.177538
   -0.237400    347.817210
   -0.236711    347.500975
   -0.236021    347.228769
   -0.235331    347.000499
   -0.234642    346.816048
   -0.233952    346.675271
   -0.233263    346.577997
   -0.232573    346.524035
   -0.231884    346.513166
   -0.231194    346.545151
   -0.230504    346.619726
   -0.229815    346.736606
   -0.229125    346.895479
   -0.228436    347.096013
   -0.227746    347.337847
   -0.227057    347.620597
   -0.226367    347.943848
   -0.225677    348.307158
   -0.224988    348.710053
   -0.224298    349.152026
   -0.223609    349.632532
   -0.222919    350.150990
   -0.222230    350.706774
   -0.221540    351.299215
   -0.220851    351.927594
   -0.220161    352.591140
   -0.219471    353.289025
   -0.218782    354.020361
   -0.218092    354.784192
   -0.217403    355.579497
   -0.216713    356.405175
   -0.216024    357.260048
   -0.215334    358.142856
   -0.214644    359.052246
   -0.213955    359.986774
   -0.213265    360.944897
   -0.212576    361.924970
   -0.211886    362.925242
   -0.211197    363.943851
   -0.210507    364.978823
   -0.209817    366.028068
   -0.209128    367.089379
   -0.208438    368.160432
   -0.207749    369.238784
   -0.207059    370.321873
   -0.206370    371.407026
   -0.205680    372.491455
   -0.204990    373.572264
   -0.204301    374.646458
   -0.203611    375.710946
   -0.202922    376.762549
   -0.202232    377.798016
   -0.201543    378.814028
   -0.200853    379.807215
   -0.200163    380.774169
   -0.199474    381.711462
   -0.198784    382.615655
   -0.198095    383.483327
   -0.197405    384.311084
   -0.196716    385.095583
   -0.196026    385.833554
   -0.195336    386.521817
   -0.194647    387.157306
   -0.193957    387.737091
   -0.193268    388.258399
   -0.192578    388.718635
   -0.191889    389.115404
   -0.191199    389.446534
   -0.190509    389.710090
   -0.189820    389.904399
   -0.189130    390.028062
   -0.188441    390.079974
   -0.187751    390.059333
   -0.187062    389.965655
   -0.186372    389.798779
   -0.185683    389.558873
   -0.184993    389.246438
   -0.184303    388.862305
   -0.183614    388.407630
   -0.182924    387.883886
   -0.182235    387.292851
   -0.181545    386.636593
   -0.180856    385.917452
   -0.180166    385.138016
   -0.179476    384.301102
   -0.178787    383.409725
   -0.178097    382.467074
   -0.177408    381.476480
   -0.176718    380.441392
   -0.176029    379.365342
   -0.175339    378.251922
   -0.174649    377.104749
   -0.173960    375.927446
   -0.173270    374.723611
   -0.172581    373.496797
   -0.171891    372.250489
   -0.171202    370.988088
   -0.170512    369.712889
   -0.169822    368.428073
   -0.169133    367.136690
   -0.168443    365.841652
   -0.167754    364.545725
   -0.167064    363.251522
   -0.166375    361.961503
   -0.165685    360.677969
   -0.164995    359.403064
   -0.164306    358.138777
   -0.163616    356.886943
   -0.162927    355.649249
   -0.162237    354.427236
   -0.161548    353.222308
   -0.160858    352.035736
   -0.160168    350.868666
   -0.159479    349.722125
   -0.158789    348.597032
   -0.158100    347.494204
   -0.157410    346.414364
   -0.156721    345.358151
   -0.156031    344.326127
   -0.155341    343.318785
   -0.154652    342.336560
   -0.153962    341.379832
   -0.153273    340.448940
   -0.152583    339.544182
   -0.151894    338.665830
   -0.151204    337.814129
   -0.150515    336.989308
   -0.149825    336.191584
   -0.149135    335.421167
   -0.148446    334.678264
   -0.147756    333.963085
   -0.147067    333.275844
   -0.146377    332.616764
   -0.145688    331.986077
   -0.144998    331.384027
   -0.144308    330.810872
   -0.143619    330.266884
   -0.142929    329.752347
   -0.142240    329.267563
   -0.141550    328.812844
   -0.140861    328.388517
   -0.140171    327.994921
   -0.139481    327.632405
   -0.138792    327.301327
   -0.138102    327.002053
   -0.137413    326.734954
   -0.136723    326.500405
   -0.136034    326.298784
   -0.135344    326.130467
   -0.134654    325.995829
   -0.133965    325.895241
   -0.133275    325.829065
   -0.132586    325.797658
   -0.131896    325.801363
   -0.131207    325.840513
   -0.130517    325.915423
   -0.129827    326.026393
   -0.129138    326.173703
   -0.128448    326.357611
   -0.127759    326.578353
   -0.127069    326.836137
   -0.126380    327.131146
   -0.125690    327.463531
   -0.125000    327.833412
   -0.124311    328.240876
   -0.123621    328.685973
   -0.122932    329.168713
   -0.122242    329.689070
   -0.121553    330.246972
   -0.120863    330.842304
   -0.120174    331.474904
   -0.119484    332.144563
   -0.118794    332.851018
   -0.118105    333.593956
   -0.117415    334.373007
   -0.116726    335.187744
   -0.116036    336.037683
   -0.115347    336.922273
   -0.114657    337.840906
   -0.113967    338.792902
   -0.113278    339.777517
   -0.112588    340.793936
   -0.111899    341.841271
   -0.111209    342.918563
   -0.110520    344.024775
   -0.109830    345.158793
   -0.109140    346.319426
   -0.108451    347.505402
   -0.107761    348.715368
   -0.107072    349.947889
   -0.106382    351.201447
   -0.105693    352.474441
   -0.105003    353.765188
   -0.104313    355.071920
   -0.103624    356.392789
   -0.102934    357.725862
   -0.102245    359.069128
   -0.101555    360.420499
   -0.100866    361.777808
   -0.100176    363.138816
   -0.099486    364.501214
   -0.098797    365.862625
   -0.098107    367.220610
   -0.097418    368.572673
   -0.096728    369.916264
   -0.096039    371.248785
   -0.095349    372.567599
   -0.094659    373.870033
   -0.093970    375.153384
   -0.093280    376.414933
   -0.092591    377.651943
   -0.091901    378.861675
   -0.091212    380.041392
   -0.090522    381.188370
   -0.089832    382.299905
   -0.089143    383.373325
   -0.088453    384.405996
   -0.087764    385.395335
   -0.087074    386.338820
   -0.086385    387.233998
   -0.085695    388.078501
   -0.085006    388.870053
   -0.084316    389.606483
   -0.083626    390.285738
   -0.082937    390.905893
   -0.082247    391.465165
   -0.081558    391.961925
   -0.080868    392.394708
   -0.080179    392.762225
   -0.079489    393.063374
   -0.078799    393.297246
   -0.078110    393.463137
   -0.077420    393.560552
   -0.076731    393.589208
   -0.076041    393.549038
   -0.075352    393.440187
   -0.074662    393.263014
   -0.073972    393.018082
   -0.073283    392.706153
   -0.072593    392.328175
   -0.071904    391.885270
   -0.071214    391.378722
   -0.070525    390.809955
   -0.069835    390.180520
   -0.069145    389.492072
   -0.068456    388.746355
   -0.067766    387.945177
   -0.067077    387.090395
   -0.066387    386.183890
   -0.065698    385.227556
   -0.065008    384.223274
   -0.064318    383.172900
   -0.063629    382.078252
   -0.062939    380.941092
   -0.062250    379.763116
   -0.061560    378.545946
   -0.060871    377.291119
   -0.060181    376.000084
   -0.059491    374.674197
   -0.058802    373.314718
   -0.058112    371.922810
   -0.057423    370.499547
   -0.056733    369.045910
   -0.056044    367.562800
   -0.055354    366.051039
   -0.054665    364.511386
   -0.053975    362.944542
   -0.053285    361.351166
   -0.052596    359.731886
   -0.051906    358.087314
   -0.051217    356.418059
   -0.050527    354.724743
   -0.049838    353.008014
   -0.049148    351.268560
   -0.048458    349.507123
   -0.047769    347.724506
   -0.047079    345.921590
   -0.046390    344.099335
   -0.045700    342.258789
   -0.045011    340.401092
   -0.044321    338.527478
   -0.043631    336.639271
   -0.042942    334.737885
   -0.042252    332.824816
   -0.041563    330.901637
   -0.040873    328.969991
   -0.040184    327.031575
   -0.039494    325.088134
   -0.038804    323.141447
   -0.038115    321.193315
   -0.037425    319.245549
   -0.036736    317.299957
   -0.036046    315.358334
   -0.035357    313.422448
   -0.034667    311.494033
   -0.033977    309.574780
   -0.033288    307.666325
   -0.032598    305.770247
   -0.031909    303.888062
   -0.031219    302.021214
   -0.030530    300.171078
   -0.029840    298.338954
   -0.029150    296.526067
   -0.028461    294.733566
   -0.027771    292.962527
   -0.027082    291.213952
   -0.026392    289.488771
   -0.025703    287.787844
   -0.025013    286.111966
   -0.024323    284.461868
   -0.023634    282.838220
   -0.022944    281.241637
   -0.022255    279.672679
   -0.021565    278.131856
   -0.020876    276.619632
   -0.020186    275.136430
   -0.019497    273.682629
   -0.018807    272.258576
   -0.018117    270.864581
   -0.017428    269.500926
   -0.016738    268.167865
   -0.016049    266.865627
   -0.015359    265.594417
   -0.014670    264.354421
   -0.013980    263.145809
   -0.013290    261.968731
   -0.012601    260.823326
   -0.011911    259.709721
   -0.011222    258.628030
   -0.010532    257.578360
   -0.009843    256.560808
   -0.009153    255.575468
   -0.008463    254.622425
   -0.007774    253.701763
   -0.007084    252.813560
   -0.006395    251.957894
   -0.005705    251.134841
   -0.005016    250.344474
   -0.004326    249.586869
   -0.003636    248.862101
   -0.002947    248.170247
   -0.002257    247.511386
   -0.001568    246.885597
   -0.000878    246.292963
   -0.000189    245.733570
    0.000501    245.207507
    0.001191    244.714867
    0.001880    244.255745
    0.002570    243.830242
    0.003259    243.438460
    0.003949    243.080509
    0.004638    242.756499
    0.005328    242.466547
    0.006018    242.210773
    0.006707    241.989302
    0.007397    241.802261
    0.008086    241.649782
    0.008776    241.532002
    0.009465    241.449058
    0.010155    241.401095
    0.010845    241.388256
    0.011534    241.410690
    0.012224    241.468548
    0.012913    241.561981
    0.013603    241.691144
    0.014292    241.856192
    0.014982    242.057280
    0.015671    242.294565
    0.016361    242.568201
    0.017051    242.878344
    0.017740    243.225148
    0.018430    243.608761
    0.019119    244.029335
    0.019809    244.487012
    0.020498    244.981933
    0.021188    245.514235
    0.021878    246.084048
    0.022567    246.691494
    0.023257    247.336691
    0.023946    248.019747
    0.024636    248.740761
    0.025325    249.499823
    0.026015    250.297012
    0.026705    251.132395
    0.027394    252.006026
    0.028084    252.917948
    0.028773    253.868187
    0.029463    254.856755
    0.030152    255.883647
    0.030842    256.948841
    0.031532    258.052297
    0.032221    259.193954
    0.032911    260.373734
    0.033600    261.591534
    0.034290    262.847231
    0.034979    264.140678
    0.035669    265.471703
    0.036359    266.840108
    0.037048    268.245668
    0.037738    269.688132
    0.038427    271.167218
    0.039117    272.682612
    0.039806    274.233970
    0.040496    275.820914
    0.041186    277.443031
    0.041875    279.099870
    0.042565    280.790942
    0.043254    282.515717
    0.043944    284.273623
    0.044633    286.064041
    0.045323    287.886306
    0.046012    289.739700
    0.046702    291.623454
    0.047392    293.536739
    0.048081    295.478668
    0.048771    297.448286
    0.049460    299.444572
    0.050150    301.466431
    0.050839    303.512687
    0.051529    305.582082
    0.052219    307.673270
    0.052908    309.784808
    0.053598    311.915151
    0.054287    314.062647
    0.054977    316.225529
    0.055666    318.401908
    0.056356    320.589768
    0.057046    322.786953
    0.057735    324.991169
    0.058425    327.199967
    0.059114    329.410742
    0.059804    331.620727
    0.060493    333.826981
    0.061183    336.026388
    0.061873    338.215652
    0.062562    340.391287
    0.063252    342.549620
    0.063941    344.686787
    0.064631    346.798728
    0.065320    348.881192
    0.066010    350.929738
    0.066700    352.939739
    0.067389    354.906389
    0.068079    356.824710
    0.068768    358.689568
    0.069458    360.495681
    0.070147    362.237644
    0.070837    363.909945
    0.071527    365.506992
    0.072216    367.023140
    0.072906    368.452725
    0.073595    369.790098
    0.074285    371.029664
    0.074974    372.165928
    0.075664    373.193540
    0.076354    374.107344
    0.077043    374.902429
    0.077733    375.574184
    0.078422    376.118351
    0.079112    376.531081
    0.079801    376.808985
    0.080491    376.949188
    0.081180    376.949375
    0.081870    376.807837
    0.082560    376.523505
    0.083249    376.095986
    0.083939    375.525586
    0.084628    374.813322
    0.085318    373.960934
    0.086007    372.970874
    0.086697    371.846301
    0.087387    370.591052
    0.088076    369.209612
    0.088766    367.707074
    0.089455    366.089086
    0.090145    364.361801
    0.090834    362.531812
    0.091524    360.606084
    0.092214    358.591890
    0.092903    356.496736
    0.093593    354.328296
    0.094282    352.094337
    0.094972    349.802657
    0.095661    347.461021
    0.096351    345.077103
    0.097041    342.658431
    0.097730    340.212345
    0.098420    337.745954
    0.099109    335.266102
    0.099799    332.779344
    0.100488    330.291921
    0.101178    327.809753
    0.101868    325.338426
    0.102557    322.883191
    0.103247    320.448969
    0.103936    318.040360
    0.104626    315.661648
    0.105315    313.316826
    0.106005    311.009604
    0.106695    308.743439
    0.107384    306.521550
    0.108074    304.346944
    0.108763    302.222443
    0.109453    300.150705
    0.110142    298.134250
    0.110832    296.175488
    0.111521    294.276745
    0.112211    292.440285
    0.112901    290.668344
    0.113590    288.963148
    0.114280    287.326949
    0.114969    285.762051
    0.115659    284.270843
    0.116348    282.855829
    0.117038    281.519668
    0.117728    280.265212
    0.118417    279.095551
    0.119107    278.014060
    0.119796    277.024458
    0.120486    276.130868
    0.121175    275.337887
    0.121865    274.650674
    0.122555    274.075037
    0.123244    273.617550
    0.123934    273.285675
    0.124623    273.087915
    0.125313    273.033991
    0.126002    273.135053
    0.126692    273.403926
    0.127382    273.855416
    0.128071    274.506668
    0.128761    275.377612
    0.129450    276.491494
    0.130140    277.875548
    0.130829    279.561814
    0.131519    281.588167
    0.132209    283.999616
    0.132898    286.849944
    0.133588    290.203820
    0.134277    294.139524
    0.134967    298.752515
    0.135656    304.160129
    0.136346    310.507870
    0.137036    317.977909
    0.137725    326.800722
    0.138415    337.271269
    0.139104    349.771806
    0.139794    364.804567
    0.140483    383.039409
    0.141173    405.384474
    0.141863    433.092922
    0.142552    467.927032
    0.143242    512.414450
    0.143931    570.252447
    0.144621    646.943650
    0.145310    750.760476
    0.146000    894.026900
    0.146689   1094.027116
    0.147379   1370.089493
    0.148069   1725.643314
    0.148758   2099.210037
    0.149448   2327.806848
    0.150137   2268.929363
    0.150827   1978.367399
    0.151516   1629.327123
    0.152206   1336.961252
    0.152896   1130.214411
    0.153585    999.367696
    0.154275    928.399903
    0.154964    905.422250
    0.155654    924.046688
    0.156343    982.365439
    0.157033   1081.228015
    0.157723   1221.340341
    0.158412   1397.681071
    0.159102   1590.106000
    0.159791   1754.087283
    0.160481   1827.658124
    0.161170   1770.487909
    0.161860   1603.127673
    0.162550   1387.765271
    0.163239   1177.579426
    0.163929    997.132396
    0.164618    850.950236
    0.165308    735.139667
    0.165997    643.777679
    0.166687    571.361094
    0.167377    513.444645
    0.168066    466.625586
    0.168756    428.351215
    0.169445    396.715396
    0.170135    370.290385
    0.170824    347.999230
    0.171514    329.022272
    0.172204    312.729529
    0.172893    298.631918
    0.173583    286.345951
    0.174272    275.568024
    0.174962    266.055549
    0.175651    257.612973
    0.176341    250.081344
    0.177031    243.330432
    0.177720    237.252745
    0.178410    231.758930
    0.179099    226.774219
    0.179789    222.235651
    0.180478    218.089899
    0.181168    214.291536
    0.181857    210.801662
    0.182547    207.586800
    0.183237    204.617998
    0.183926    201.870112
    0.184616    199.321204
    0.185305    196.952059
    0.185995    194.745785
    0.186684    192.687470
    0.187374    190.763910
    0.188064    188.963374
    0.188753    187.275402
    0.189443    185.690643
    0.190132    184.200711
    0.190822    182.798065
    0.191511    181.475906
    0.192201    180.228086
    0.192891    179.049033
    0.193580    177.933687
    0.194270    176.877438
    0.194959    175.876079
    0.195649    174.925763
    0.196338    174.022961
    0.197028    173.164435
    0.197718    172.347201
    0.198407    171.568512
    0.199097    170.825825
    0.199786    170.116791
    0.200476    169.439229
    0.201165    168.791115
    0.201855    168.170565
    0.202545    167.575826
    0.203234    167.005262
    0.203924    166.457343
    0.204613    165.930640
    0.205303    165.423814
    0.205992    164.935610
    0.206682    164.464850
    0.207372    164.010428
    0.208061    163.571306
    0.208751    163.146505
    0.209440    162.735108
    0.210130    162.336248
    0.210819    161.949112
    0.211509    161.572934
    0.212198    161.206994
    0.212888    160.850613
    0.213578    160.503153
    0.214267    160.164017
    0.214957    159.832642
    0.215646    159.508501
    0.216336    159.191101
    0.217025    158.879981
    0.217715    158.574710
    0.218405    158.274887
    0.219094    157.980139
    0.219784    157.690121
    0.220473    157.404513
    0.221163    157.123019
    0.221852    156.845369
    0.222542    156.571314
    0.223232    156.300628
    0.223921    156.033103
    0.224611    155.768553
    0.225300    155.506809
    0.225990    155.247720
    0.226679    154.991151
    0.227369    154.736981
    0.228059    154.485106
    0.228748    154.235431
    0.229438    153.987876
    0.230127    153.742372
    0.230817    153.498859
    0.231506    153.257288
    0.232196    153.017615
    0.232886    152.779807
    0.233575    152.543838
    0.234265    152.309687
    0.234954    152.077338
    0.235644    151.846783
    0.236333    151.618017
    0.237023    151.391039
    0.237713    151.165854
    0.238402    150.942468
    0.239092    150.720893
    0.239781    150.501141
    0.240471    150.283232
    0.241160    150.067182
    0.241850    149.853015
    0.242540    149.640753
    0.243229    149.430423
    0.243919    149.222052
    0.244608    149.015667
    0.245298    148.811298
    0.245987    148.608974
    0.246677    148.408725
    0.247366    148.210582
    0.248056    148.014572
    0.248746    147.820726
    0.249435    147.629069
    0.250125    147.439628
    0.250814    147.252428
    0.251504    147.067491
    0.252193    146.884838
    0.252883    146.704487
    0.253573    146.526455
    0.254262    146.350757
    0.254952    146.177404
    0.255641    146.006407
    0.256331    145.837776
    0.257020    145.671517
    0.257710    145.507636
    0.258400    145.346140
    0.259089    145.187033
    0.259779    145.030319
    0.260468    144.876005
    0.261158    144.724097
    0.261847    144.574603
    0.262537    144.427532
    0.263227    144.282899
    0.263916    144.140717
    0.264606    144.001007
    0.265295    143.863792
    0.265985    143.729101
    0.266674    143.596966
    0.267364    143.467427
    0.268054    143.340529
    0.268743    143.216324
    0.269433    143.094870
    0.270122    142.976234
    0.270812    142.860490
    0.271501    142.747718
    0.272191    142.638008
    0.272881    142.531460
    0.273570    142.428178
    0.274260    142.328279
    0.274949    142.231888
    0.275639    142.139136
    0.276328    142.050167
    0.277018    141.965131
    0.277707    141.884188
    0.278397    141.807508
    0.279087    141.735269
    0.279776    141.667657
    0.280466    141.604868
    0.281155    141.547106
    0.281845    141.494584
    0.282534    141.447523
    0.283224    141.406153
    0.283914    141.370711
    0.284603    141.341442
    0.285293    141.318602
    0.285982    141.302450
    0.286672    141.293257
    0.287361    141.291298
    0.288051    141.296857
    0.288741    141.310227
    0.289430    141.331707
    0.290120    141.361601
    0.290809    141.400225
    0.291499    141.447898
    0.292188    141.504948
    0.292878    141.571711
    0.293568    141.648530
    0.294257    141.735754
    0.294947    141.833741
    0.295636    141.942857
    0.296326    142.063475
    0.297015    142.195976
    0.297705    142.340750
    0.298395    142.498195
    0.299084    142.668717
    0.299774    142.852732
    0.300463    143.050666
    0.301153    143.262951
    0.301842    143.490034
    0.302532    143.732369
    0.303222    143.990420
    0.303911    144.264665
    0.304601    144.555590
    0.305290    144.863696
    0.305980    145.189493
    0.306669    145.533507
    0.307359    145.896275
    0.308049    146.278349
    0.308738    146.680292
    0.309428    147.102687
    0.310117    147.546127
    0.310807    148.011223
    0.311496    148.498603
    0.312186    149.008911
    0.312875    149.542807
    0.313565    150.100971
    0.314255    150.684099
    0.314944    151.292910
    0.315634    151.928137
    0.316323    152.590537
    0.317013    153.280886
    0.317702    153.999981
    0.318392    154.748640
    0.319082    155.527701
    0.319771    156.338027
    0.320461    157.180498
    0.321150    158.056020
    0.321840    158.965516
    0.322529    159.909934
    0.323219    160.890238
    0.323909    161.907415
    0.324598    162.962467
    0.325288    164.056415
    0.325977    165.190293
    0.326667    166.365148
    0.327356    167.582037
    0.328046    168.842023
    0.328736    170.146170
    0.329425    171.495541
    0.330115    172.891193
    0.330804    174.334166
    0.331494    175.825483
    0.332183    177.366136
    0.332873    178.957081
    0.333563    180.599228
    0.334252    182.293428
    0.334942    184.040462
    0.335631    185.841026
    0.336321    187.695721
    0.337010    189.605032
    0.337700    191.569313
    0.338390    193.588769
    0.339079    195.663435
    0.339769    197.793156
    0.340458    199.977565
    0.341148    202.216059
    0.341837    204.507776
    0.342527    206.851570
    0.343217    209.245986
    0.343906    211.689230
    0.344596    214.179147
    0.345285    216.713194
    0.345975    219.288409
    0.346664    221.901390
    0.347354    224.548265
    0.348043    227.224668
    0.348733    229.925720
    0.349423    232.646000
    0.350112    235.379536
    0.350802    238.119785
    0.351491    240.859629
    0.352181    243.591375
    0.352870    246.306765
    0.353560    248.996997
    0.354250    251.652762
    0.354939    254.264298
    0.355629    256.821459
    0.356318    259.313814
    0.357008    261.730752
    0.357697    264.061623
    0.358387    266.295888
    0.359077    268.423287
    0.359766    270.434014
    0.360456    272.318896
    0.361145    274.069558
    0.361835    275.678561
    0.362524    277.139515
    0.363214    278.447123
    0.363904    279.597182
    0.364593    280.586494
    0.365283    281.412730
    0.365972    282.074221
    0.366662    282.569730
    0.367351    282.898230
    0.368041    283.058739
    0.368731    283.050274
    0.369420    282.871946
    0.370110    282.523250
    0.370799    282.004513
    0.371489    281.317460
    0.372178    280.465810
    0.372868    279.455783
    0.373558    278.296405
    0.374247    276.999542
    0.374937    275.579620
    0.375626    274.053085
    0.376316    272.437663
    0.377005    270.751555
    0.377695    269.012656
    0.378384    267.237903
    0.379074    265.442784
    0.379764    263.641037
    0.380453    261.844522
    0.381143    260.063224
    0.381832    258.305370
    0.382522    256.577595
    0.383211    254.885152
    0.383901    253.232121
    0.384591    251.621612
    0.385280    250.055949
    0.385970    248.536831
    0.386659    247.065466
    0.387349    245.642680
    0.388038    244.269011
    0.388728    242.944776
    0.389418    241.670125
    0.390107    240.445087
    0.390797    239.269596
    0.391486    238.143517
    0.392176    237.066663
    0.392865    236.038806
    0.393555    235.059686
    0.394245    234.129014
    0.394934    233.246480
    0.395624    232.411751
    0.396313    231.624478
    0.397003    230.884290
    0.397692    230.190800
    0.398382    229.543607
    0.399072    228.942290
    0.399761    228.386415
    0.400451    227.875535
    0.401140    227.409188
    0.401830    226.986903
    0.402519    226.608199
    0.403209    226.272587
    0.403899    225.979574
    0.404588    225.728664
    0.405278    225.519359
    0.405967    225.351166
    0.406657    225.223594
    0.407346    225.136163
    0.408036    225.088402
    0.408726    225.079852
    0.409415    225.110073
    0.410105    225.178642
    0.410794    225.285157
    0.411484    225.429241
    0.412173    225.610543
    0.412863    225.828738
    0.413552    226.083535
    0.414242    226.374672
    0.414932    226.701920
    0.415621    227.065087
    0.416311    227.464016
    0.417000    227.898585
    0.417690    228.368711
    0.418379    228.874347
    0.419069    229.415485
    0.419759    229.992156
    0.420448    230.604426
    0.421138    231.252400
    0.421827    231.936221
    0.422517    232.656065
    0.423206    233.412149
    0.423896    234.204719
    0.424586    235.034060
    0.425275    235.900488
    0.425965    236.804352
    0.426654    237.746032
    0.427344    238.725938
    0.428033    239.744508
    0.428723    240.802210
    0.429413    241.899537
    0.430102    243.037007
    0.430792    244.215162
    0.431481    245.434565
    0.432171    246.695801
    0.432860    247.999471
    0.433550    249.346192
    0.434240    250.736595
    0.434929    252.171320
    0.435619    253.651015
    0.436308    255.176330
    0.436998    256.747914
    0.437687    258.366410
    0.438377    260.032449
    0.439067    261.746644
    0.439756    263.509582
    0.440446    265.321817
    0.441135    267.183862
    0.441825    269.096176
    0.442514    271.059154
    0.443204    273.073116
    0.443893    275.138290
    0.444583    277.254802
    0.445273    279.422654
    0.445962    281.641710
    0.446652    283.911675
    0.447341    286.232074
    0.448031    288.602232
    0.448720    291.021249
    0.449410    293.487979
    0.450100    296.001001
    0.450789    298.558595
    0.451479    301.158720
    0.452168    303.798985
    0.452858    306.476626
    0.453547    309.188485
    0.454237    311.930986
    0.454927    314.700121
    0.455616    317.491435
    0.456306    320.300017
    0.456995    323.120496
    0.457685    325.947044
    0.458374    328.773391
    0.459064    331.592837
    0.459754    334.398284
    0.460443    337.182275
    0.461133    339.937037
    0.461822    342.654543
    0.462512    345.326575
    0.463201    347.944800
    0.463891    350.500856
    0.464581    352.986441
    0.465270    355.393406
    0.465960    357.713857
    0.466649    359.940248
    0.467339    362.065482
    0.468028    364.082999
    0.468718    365.986862
    0.469408    367.771833
    0.470097    369.433437
    0.470787    370.968010
    0.471476    372.372738
    0.472166    373.645680
    0.472855    374.785769
    0.473545    375.792809
    0.474235    376.667446
    0.474924    377.411138
    0.475614    378.026104
    0.476303    378.515266
    0.476993    378.882190
    0.477682    379.131008
    0.478372    379.266350
    0.479061    379.293266
    0.479751    379.217152
    0.480441    379.043674
    0.481130    378.778698
    0.481820    378.428224
    0.482509    377.998322
    0.483199    377.495076
    0.483888    376.924534
    0.484578    376.292659
    0.485268    375.605295
    0.485957    374.868129
    0.486647    374.086665
    0.487336    373.266200
    0.488026    372.411807
    0.488715    371.528321
    0.489405    370.620331
    0.490095    369.692171
    0.490784    368.747920
    0.491474    367.791402
    0.492163    366.826187
    0.492853    365.855596
    0.493542    364.882709
    0.494232    363.910373
    0.494922    362.941210
    0.495611    361.977630
    0.496301    361.021842
    0.496990    360.075866
    0.497680    359.141550
    0.498369    358.220580
    0.499059    357.314503
