          17
  -2.65725999388172      -8.748246851146585E-003 -2.372177326923417E-005
  1.269314117280137E-007 -1.697640833159753E-010 -4.541016766555708E-013
  2.429351626433963E-015 -3.249134293930963E-018 -8.691103869163212E-021
  4.649563830321190E-023 -6.218555242716578E-026 -1.663400298089364E-028
  8.898853330683672E-031 -1.190176391876076E-033 -3.183600832917058E-036
  1.703161704859286E-038 -2.277892192785838E-041
  -13.1044586330110       -2.65725999388172      -8.748246851146585E-003
 -2.372177326923431E-005  1.269314117280137E-007 -1.697640833159753E-010
 -4.541016766555705E-013  2.429351626433963E-015 -3.249134293930963E-018
 -8.691103869163212E-021  4.649563830321190E-023 -6.218555242716673E-026
 -1.663400298089364E-028  8.898853330683672E-031 -1.190176391876076E-033
 -3.183600832917058E-036  1.703161704859286E-038
  -26.1914444940931       -13.1044586330110       -2.65725999388172     
 -8.748246851146621E-003 -2.372177326923429E-005  1.269314117280137E-007
 -1.697640833159762E-010 -4.541016766555705E-013  2.429351626433963E-015
 -3.249134293930963E-018 -8.691103869163212E-021  4.649563830321224E-023
 -6.218555242716673E-026 -1.663400298089364E-028  8.898853330683672E-031
 -1.190176391876076E-033 -3.183600832917058E-036
  -39.2871310315483       -26.1914444940931       -13.1044586330110     
  -2.65725999388172      -8.748246851146575E-003 -2.372177326923419E-005
  1.269314117280136E-007 -1.697640833159760E-010 -4.541016766555708E-013
  2.429351626433957E-015 -3.249134293930963E-018 -8.691103869163141E-021
  4.649563830321190E-023 -6.218555242716578E-026 -1.663400298089364E-028
  8.898853330683672E-031 -1.190176391876076E-033
  -52.3828415448094       -39.2871310315483       -26.1914444940931     
  -13.1044586330110       -2.65725999388172      -8.748246851146585E-003
 -2.372177326923427E-005  1.269314117280137E-007 -1.697640833159753E-010
 -4.541016766555708E-013  2.429351626433963E-015 -3.249134293930963E-018
 -8.691103869163212E-021  4.649563830321190E-023 -6.218555242716673E-026
 -1.663400298089364E-028  8.898853330683672E-031
  -65.4785519307999       -52.3828415448094       -39.2871310315483     
  -26.1914444940931       -13.1044586330110       -2.65725999388172     
 -8.748246851146588E-003 -2.372177326923429E-005  1.269314117280137E-007
 -1.697640833159753E-010 -4.541016766555705E-013  2.429351626433963E-015
 -3.249134293930963E-018 -8.691103869163141E-021  4.649563830321224E-023
 -6.218555242716673E-026 -1.663400298089364E-028
  -78.5742623169594       -65.4785519307999       -52.3828415448093     
  -39.2871310315483       -26.1914444940931       -13.1044586330110     
  -2.65725999388172      -8.748246851146580E-003 -2.372177326923427E-005
  1.269314117280137E-007 -1.697640833159753E-010 -4.541016766555705E-013
  2.429351626433963E-015 -3.249134293930963E-018 -8.691103869163212E-021
  4.649563830321190E-023 -6.218555242716578E-026
  -91.6699727031193       -78.5742623169594       -65.4785519307999     
  -52.3828415448094       -39.2871310315483       -26.1914444940931     
  -13.1044586330110       -2.65725999388172      -8.748246851146580E-003
 -2.372177326923427E-005  1.269314117280137E-007 -1.697640833159753E-010
 -4.541016766555708E-013  2.429351626433957E-015 -3.249134293930963E-018
 -8.691103869163212E-021  4.649563830321190E-023
  -104.765683089279       -91.6699727031193       -78.5742623169594     
  -65.4785519307999       -52.3828415448094       -39.2871310315483     
  -26.1914444940931       -13.1044586330110       -2.65725999388172     
 -8.748246851146580E-003 -2.372177326923427E-005  1.269314117280137E-007
 -1.697640833159753E-010 -4.541016766555708E-013  2.429351626433963E-015
 -3.249134293930963E-018 -8.691103869163212E-021
  -117.861393475439       -104.765683089279       -91.6699727031193     
  -78.5742623169594       -65.4785519307999       -52.3828415448094     
  -39.2871310315483       -26.1914444940931       -13.1044586330110     
  -2.65725999388172      -8.748246851146580E-003 -2.372177326923429E-005
  1.269314117280137E-007 -1.697640833159760E-010 -4.541016766555705E-013
  2.429351626433963E-015 -3.249134293930963E-018
  -130.957103861599       -117.861393475439       -104.765683089279     
  -91.6699727031193       -78.5742623169594       -65.4785519307999     
  -52.3828415448094       -39.2871310315483       -26.1914444940931     
  -13.1044586330110       -2.65725999388172      -8.748246851146588E-003
 -2.372177326923427E-005  1.269314117280136E-007 -1.697640833159762E-010
 -4.541016766555705E-013  2.429351626433963E-015
  -144.052814247759       -130.957103861599       -117.861393475439     
  -104.765683089279       -91.6699727031193       -78.5742623169594     
  -65.4785519307999       -52.3828415448094       -39.2871310315483     
  -26.1914444940931       -13.1044586330110       -2.65725999388172     
 -8.748246851146585E-003 -2.372177326923419E-005  1.269314117280137E-007
 -1.697640833159753E-010 -4.541016766555708E-013
  -157.148524633919       -144.052814247759       -130.957103861599     
  -117.861393475439       -104.765683089279       -91.6699727031193     
  -78.5742623169594       -65.4785519307999       -52.3828415448094     
  -39.2871310315483       -26.1914444940931       -13.1044586330110     
  -2.65725999388172      -8.748246851146575E-003 -2.372177326923429E-005
  1.269314117280137E-007 -1.697640833159753E-010
  -170.244235020079       -157.148524633919       -144.052814247759     
  -130.957103861599       -117.861393475439       -104.765683089279     
  -91.6699727031193       -78.5742623169594       -65.4785519307999     
  -52.3828415448094       -39.2871310315483       -26.1914444940931     
  -13.1044586330110       -2.65725999388172      -8.748246851146621E-003
 -2.372177326923431E-005  1.269314117280137E-007
  -183.339945406239       -170.244235020079       -157.148524633919     
  -144.052814247759       -130.957103861599       -117.861393475439     
  -104.765683089279       -91.6699727031193       -78.5742623169594     
  -65.4785519307999       -52.3828415448093       -39.2871310315483     
  -26.1914444940931       -13.1044586330110       -2.65725999388172     
 -8.748246851146585E-003 -2.372177326923417E-005
  -196.435655792398       -183.339945406239       -170.244235020079     
  -157.148524633919       -144.052814247759       -130.957103861599     
  -117.861393475439       -104.765683089279       -91.6699727031193     
  -78.5742623169594       -65.4785519307999       -52.3828415448094     
  -39.2871310315483       -26.1914444940931       -13.1044586330110     
  -2.65725999388172      -8.748246851146585E-003
  -209.531366178558       -196.435655792398       -183.339945406239     
  -170.244235020079       -157.148524633919       -144.052814247759     
  -130.957103861599       -117.861393475439       -104.765683089279     
  -91.6699727031193       -78.5742623169594       -65.4785519307999     
  -52.3828415448094       -39.2871310315483       -26.1914444940931     
  -13.1044586330110       -2.65725999388172     
