  ATOM :  1
  BAND    OCCUP.               OCCUP/SIMMET.
    1     0.0305737    0.0305737
    2     0.0361573    0.0121528  0.0120571  0.0119474
    3     0.0196813    0.0039552  0.0043942  0.0033676  0.0042447  0.0037195
    4     0.0279488    0.0279488
    5     0.0325724    0.0108484  0.0108544  0.0108696
    6     0.0177862    0.0034483  0.0036856  0.0033389  0.0037238  0.0035896
  ***** MAG.MOM./BAND        MAG.MOM./BAND/SIMMETRY.
          0.0026249    0.0026249
          0.0035849    0.0013044  0.0012027  0.0010778
          0.0018951    0.0005070  0.0007086  0.0000287  0.0005209  0.0001299
        TOT.MAG.MOM.
          0.0081049
 -0.2054022829E-03 -0.6209573742E-03
  0.2122277460E-04  0.3208604921E-03
        TOT.ORB.MOM.
 -0.484276E-03
 -0.8263596570E-03  0.3420832667E-03
 
  ATOM :  2
  BAND    OCCUP.               OCCUP/SIMMET.
    1     0.3022013    0.3022013
    2     0.2415260    0.0860553  0.0805217  0.0749491
    3     4.5067257    0.9154564  0.8884238  0.9291597  0.8774150  0.8962706
    4     0.3166010    0.3166010
    5     0.2497283    0.0773345  0.0832330  0.0891607
    6     4.1592582    0.8238857  0.7965209  0.8725224  0.8122248  0.8541044
  ***** MAG.MOM./BAND        MAG.MOM./BAND/SIMMETRY.
         -0.0143997   -0.0143997
         -0.0082022    0.0087208 -0.0027114 -0.0142116
          0.3474675    0.0915707  0.0919029  0.0566374  0.0651903  0.0421662
        TOT.MAG.MOM.
          0.3248656
 -0.1110616723E-01 -0.4938033880E-01
  0.1182621121E-01  0.7614134409E-01
        TOT.ORB.MOM.
  0.274810E-01
 -0.6048650603E-01  0.8796755530E-01
 
  ATOM :  3
  BAND    OCCUP.               OCCUP/SIMMET.
    1     0.3544981    0.3544981
    2     0.4207249    0.1432144  0.1402623  0.1372482
    3     4.6828361    0.9404244  0.9203595  0.9593837  0.9224541  0.9402143
    4     0.3593874    0.3593874
    5     0.4343728    0.1415474  0.1447558  0.1480696
    6     1.8864725    0.3546373  0.3922306  0.3420026  0.4091343  0.3884678
  ***** MAG.MOM./BAND        MAG.MOM./BAND/SIMMETRY.
         -0.0048893   -0.0048893
         -0.0136479    0.0016670 -0.0044935 -0.0108214
          2.7963635    0.5857872  0.5281288  0.6173811  0.5133198  0.5517466
        TOT.MAG.MOM.
          2.7778263
 -0.5966227285E-02  0.1674386582E-02
  0.6522118957E-02  0.8456462053E-01
        TOT.ORB.MOM.
  0.867949E-01
 -0.4291840703E-02  0.9108673949E-01
 
  ATOM :  4
  BAND    OCCUP.               OCCUP/SIMMET.
    1     0.4124970    0.4124970
    2     0.4810685    0.1974856  0.1602494  0.1233335
    3     3.5596970    0.7817632  0.6920315  0.7830592  0.6382198  0.6646234
    4     0.4240385    0.4240385
    5     0.5014653    0.1291715  0.1671490  0.2051448
    6     3.5602092    0.6722029  0.6478144  0.7727815  0.6940208  0.7733896
  ***** MAG.MOM./BAND        MAG.MOM./BAND/SIMMETRY.
         -0.0115414   -0.0115414
         -0.0203967    0.0683142 -0.0068996 -0.0818113
         -0.0005122    0.1095602  0.0442171  0.0102777 -0.0558010 -0.1087662
        TOT.MAG.MOM.
         -0.0324504
 -0.7415210717E-01 -0.2880912892E+00
  0.7597337471E-01  0.2485797337E+00
        TOT.ORB.MOM.
 -0.376903E-01
 -0.3622433963E+00  0.3245531084E+00
 
  ATOM :  5
  BAND    OCCUP.               OCCUP/SIMMET.
    1     0.4180067    0.4180067
    2     0.5177683    0.2112766  0.1726296  0.1338622
    3     3.5510682    0.7750900  0.6798563  0.7912182  0.6328919  0.6720118
    4     0.4205090    0.4205090
    5     0.5188856    0.1339746  0.1729359  0.2119751
    6     3.5923497    0.6794252  0.6392382  0.8006276  0.6884256  0.7846331
  ***** MAG.MOM./BAND        MAG.MOM./BAND/SIMMETRY.
         -0.0025024   -0.0025024
         -0.0011173    0.0773019 -0.0003064 -0.0781129
         -0.0412816    0.0956648  0.0406181 -0.0094095 -0.0555337 -0.1126213
        TOT.MAG.MOM.
         -0.0449013
 -0.7741436808E-01 -0.2531206270E+00
  0.7800040554E-01  0.2596033598E+00
        TOT.ORB.MOM.
  0.706877E-02
 -0.3305349950E+00  0.3376037654E+00
 
  ATOM :  6
  BAND    OCCUP.               OCCUP/SIMMET.
    1     0.4167355    0.4167355
    2     0.5175388    0.2115090  0.1724372  0.1335925
    3     3.5667189    0.7776477  0.6840579  0.7929764  0.6379207  0.6741163
    4     0.4164069    0.4164069
    5     0.5171584    0.1335242  0.1723487  0.2112856
    6     3.5698763    0.6750530  0.6378704  0.7953160  0.6831511  0.7784859
  ***** MAG.MOM./BAND        MAG.MOM./BAND/SIMMETRY.
          0.0003286    0.0003286
          0.0003804    0.0779849  0.0000885 -0.0776930
         -0.0031573    0.1025947  0.0461875 -0.0023396 -0.0452304 -0.1043696
        TOT.MAG.MOM.
         -0.0024484
 -0.7791650014E-01 -0.2532001110E+00
  0.7776140843E-01  0.2521463994E+00
        TOT.ORB.MOM.
 -0.120880E-02
 -0.3311166111E+00  0.3299078079E+00
 
  ATOM :  7
  BAND    OCCUP.               OCCUP/SIMMET.
    1     0.4167859    0.4167859
    2     0.5175182    0.2114200  0.1724737  0.1336245
    3     3.5723540    0.7789289  0.6843135  0.7952906  0.6382132  0.6756079
    4     0.4167740    0.4167740
    5     0.5176397    0.1336577  0.1725000  0.2114821
    6     3.5695699    0.6750978  0.6376364  0.7946690  0.6838766  0.7782900
  ***** MAG.MOM./BAND        MAG.MOM./BAND/SIMMETRY.
          0.0000119    0.0000119
         -0.0001215    0.0777623 -0.0000263 -0.0778575
          0.0027842    0.1038311  0.0466771  0.0006216 -0.0456634 -0.1026821
        TOT.MAG.MOM.
          0.0026746
 -0.7779546271E-01 -0.2527423640E+00
  0.7782436555E-01  0.2526246031E+00
        TOT.ORB.MOM.
 -0.888581E-04
 -0.3305378268E+00  0.3304489686E+00
 
  ATOM :  8
  BAND    OCCUP.               OCCUP/SIMMET.
    1     0.4154695    0.4154695
    2     0.5157354    0.2107105  0.1718788  0.1331461
    3     3.5650334    0.7778728  0.6829824  0.7939314  0.6365937  0.6736531
    4     0.4154996    0.4154996
    5     0.5157745    0.1331561  0.1718853  0.2107331
    6     3.5649452    0.6735947  0.6366026  0.7939156  0.6829850  0.7778473
  ***** MAG.MOM./BAND        MAG.MOM./BAND/SIMMETRY.
         -0.0000301   -0.0000301
         -0.0000391    0.0775544 -0.0000065 -0.0775869
          0.0000882    0.1042781  0.0463797  0.0000158 -0.0463913 -0.1041942
        TOT.MAG.MOM.
          0.0000191
 -0.7756437591E-01 -0.2548280588E+00
  0.7757697201E-01  0.2548874225E+00
        TOT.ORB.MOM.
  0.719597E-04
 -0.3323924347E+00  0.3324643945E+00
 
