   -0.463535366   0.387532275   0.000000000   0.000000000
    0.301050275   0.241609492   0.000000000   0.000000000
   -0.210038078   0.168124246   0.000000000   0.000000000
   -0.463535366   0.387532275   0.000000000   0.000000000
    0.301050275   0.241609492   0.000000000   0.000000000
   -0.210038078   0.168124246   0.000000000   0.000000000
    0.580223157   0.385739027   0.431734491   0.512414480
    1.596216648   0.409886105   0.121135433   0.512414480
    3.098416987   0.437867735   0.066042449   0.512414480
    0.584991559   0.386211684   0.432042051   0.512414480
    1.602740277   0.410449777   0.121279565   0.512414480
    3.105109718   0.438191312   0.066089967   0.512414480
   -0.165363965   0.407582079   0.430007465   0.123360220
    0.853097061   0.402571071   0.118078894   0.123360220
   -0.160497227   0.134489477   0.006312201   0.123360220
   -0.162372727   0.408229624   0.430041087   0.123360220
    0.855116201   0.402668119   0.117991622   0.123360220
   -0.143255983   0.135710146   0.007187786   0.123360220
   -0.255470242   0.394165085   0.426418046   0.097959520
    0.639970976   0.382120663   0.113427992   0.097959520
   -0.164723407   0.099910514  -0.002904747   0.097959520
   -0.212251498   0.399350001   0.427708563   0.097959520
    0.686656727   0.386421844   0.114107193   0.097959520
    0.028215557   0.117173288   0.004014289   0.097959520
   -0.422083342   0.406883693   0.429760849  -0.000357120
    0.779981386   0.413651657   0.120210044  -0.000357120
   -0.178745501   0.168985546   0.014087998  -0.000357120
   -0.424948089   0.406972961   0.429606336  -0.000357120
    0.776088588   0.413342757   0.120070970  -0.000357120
   -0.179407296   0.169307392   0.014329300  -0.000357120
   -0.456407286   0.407622116   0.430213153  -0.036705960
    0.745671680   0.414213536   0.120298679  -0.036705960
   -0.205545997   0.169881187   0.014295788  -0.036705960
   -0.457620836   0.407532248   0.430109435  -0.036705960
    0.744457415   0.414124590   0.120276333  -0.036705960
   -0.207735000   0.169722249   0.014135915  -0.036705960
   -0.457848697   0.407490921   0.430229881  -0.036099330
    0.744483927   0.414192266   0.120314979  -0.036099330
   -0.208934663   0.169654275   0.014233770  -0.036099330
   -0.457840692   0.407489086   0.430245164  -0.036099330
    0.744539479   0.414205198   0.120320808  -0.036099330
   -0.209039459   0.169636935   0.014218062  -0.036099330
   -0.460057045   0.407545543   0.430228902  -0.039182460
    0.742254236   0.414215117   0.120314567  -0.039182460
   -0.210293363   0.169731997   0.014201227  -0.039182460
   -0.459985357   0.407551754   0.430229896  -0.039182460
    0.742309088   0.414216046   0.120313853  -0.039182460
   -0.210127625   0.169746428   0.014214453  -0.039182460
   -0.456244446   0.407397879   0.430256287  -0.033283460
    0.746266062   0.414190061   0.120331946  -0.033283460
   -0.208773964   0.169505407   0.014243683  -0.033283460
   -0.456251081   0.407397715   0.430255076  -0.033283460
    0.746255909   0.414188733   0.120331422  -0.033283460
   -0.208776686   0.169505969   0.014244105  -0.033283460
