 NBAS=          17 WSM=   2.83583351000000     
           STORE = N

 PRIMV:    Special choice of primitive vectors.

           A     =  1.000000 B     =  1.000000 C     =  1.000000

           Primitive vectors for  Sc lattice in
           units of the lattice spacing A:

           (   0.70711,   0.00000,   0.00000 )
           (   0.35355,   0.61237,   0.00000 )
           (   0.70711,   0.40825,   0.57735 )

           Basis vectors:            NQ3 =   1

           (   0.00000,   0.00000,   0.00000 )

 PRIMK:    SWS   =  0.390796 VOL   =  0.250000

           Primitive vectors of reciprocal space
           in units of 2*pi/A:

           (   1.41421,  -0.81650,  -1.15470  )
           (   0.00000,   1.63299,  -1.15470  )
           (   0.00000,   0.00000,   1.73205  )

 MAIN:     MODE  = 2D NQ3   =  1 NLAM2D= 17 NPRN  =  0

           AMAX  =  4.000000 BMAX  =  4.000000 ALAMDA=  4.000000
           RMAX  =  1.000000 GMAX  = 32.000000

 SET2D:    Basis vectors in 2D cell
           IQ      QX        QY        QZ

           1 -5.656854 -3.265986 -4.618802
           2 -4.949747 -2.857738 -4.041452
           3 -4.242641 -2.449490 -3.464102
           4 -3.535534 -2.041241 -2.886751
           5 -2.828427 -1.632993 -2.309401
           6 -2.121320 -1.224745 -1.732051
           7 -1.414214 -0.816497 -1.154701
           8 -0.707107 -0.408248 -0.577350
           9  0.000000  0.000000  0.000000
          10  0.707107  0.408248  0.577350
          11  1.414214  0.816497  1.154701
          12  2.121320  1.224745  1.732051
          13  2.828427  1.632993  2.309401
          14  3.535534  2.041241  2.886751
          15  4.242641  2.449490  3.464102
          16  4.949747  2.857738  4.041452
          17  5.656854  3.265986  4.618802

           AR2D  =  0.433013 DPERP=  0.577350

           NUMR  = 71 NUMG  = 13 NUMVR =*** NUMVG = 37

 MADL2Z:   On-site dipole potential

                 ZZ          VZ          VZ0         VG          VR

            -0.39079632 -1.87478493 -0.01900833  0.07107048 -1.94585541
            -0.35171669 -2.03235069 -0.03500495  0.08619364 -2.11854432
            -0.31263706 -2.21028707 -0.06193294  0.09721304 -2.30750011
            -0.27355743 -2.41107462 -0.10536630  0.09810326 -2.50917787
            -0.23447779 -2.63727018 -0.17254191  0.08022194 -2.71749213
            -0.19539816 -2.89142614 -0.27225358  0.03231020 -2.92373634
            -0.15631853 -3.17599056 -0.41444233 -0.05901143 -3.11697914
            -0.11723890 -3.49319393 -0.60946242 -0.20819134 -3.28500259
            -0.07815926 -3.84493110 -0.86708270 -0.42921878 -3.41571232
            -0.03907963 -4.23265001 -1.19536841 -0.73385186 -3.49879814
             0.00000000 -4.65726000 -1.59964925 -1.12994867 -3.52731134
             0.03907963 -5.11907125 -2.08178965 -1.62027311 -3.49879814
             0.07815926 -5.61777359 -2.63992519 -2.20206127 -3.41571232
             0.11723890 -6.15245767 -3.26872616 -2.86745507 -3.28500259
             0.15631853 -6.72167554 -3.96012731 -3.60469640 -3.11697914
             0.19539816 -7.32353236 -4.70435980 -4.39979602 -2.92373634
             0.23447779 -7.95579765 -5.49106938 -5.23830552 -2.71749213
             0.27355743 -8.61602333 -6.31031502 -6.10684546 -2.50917787
             0.31263706 -9.30165703 -7.15330290 -6.99415692 -2.30750011
             0.35171669-10.01014189 -8.01279615 -7.89159757 -2.11854432
             0.39079632-10.73899738 -8.88322078 -8.79314197 -1.94585541

           FACDIF= 22.682436
   17
      -2.65726      -0.00875      -0.00002       0.00000
      -0.00000      -0.00000       0.00000      -0.00000
      -0.00000       0.00000      -0.00000      -0.00000
       0.00000      -0.00000      -0.00000       0.00000
      -0.00000
     -13.10446      -2.65726      -0.00875      -0.00002
       0.00000      -0.00000      -0.00000       0.00000
      -0.00000      -0.00000       0.00000      -0.00000
      -0.00000       0.00000      -0.00000      -0.00000
       0.00000
     -26.19144     -13.10446      -2.65726      -0.00875
      -0.00002       0.00000      -0.00000      -0.00000
       0.00000      -0.00000      -0.00000       0.00000
      -0.00000      -0.00000       0.00000      -0.00000
      -0.00000
     -39.28713     -26.19144     -13.10446      -2.65726
      -0.00875      -0.00002       0.00000      -0.00000
      -0.00000       0.00000      -0.00000      -0.00000
       0.00000      -0.00000      -0.00000       0.00000
      -0.00000
     -52.38284     -39.28713     -26.19144     -13.10446
      -2.65726      -0.00875      -0.00002       0.00000
      -0.00000      -0.00000       0.00000      -0.00000
      -0.00000       0.00000      -0.00000      -0.00000
       0.00000
     -65.47855     -52.38284     -39.28713     -26.19144
     -13.10446      -2.65726      -0.00875      -0.00002
       0.00000      -0.00000      -0.00000       0.00000
      -0.00000      -0.00000       0.00000      -0.00000
      -0.00000
     -78.57426     -65.47855     -52.38284     -39.28713
     -26.19144     -13.10446      -2.65726      -0.00875
      -0.00002       0.00000      -0.00000      -0.00000
       0.00000      -0.00000      -0.00000       0.00000
      -0.00000
     -91.66997     -78.57426     -65.47855     -52.38284
     -39.28713     -26.19144     -13.10446      -2.65726
      -0.00875      -0.00002       0.00000      -0.00000
      -0.00000       0.00000      -0.00000      -0.00000
       0.00000
    -104.76568     -91.66997     -78.57426     -65.47855
     -52.38284     -39.28713     -26.19144     -13.10446
      -2.65726      -0.00875      -0.00002       0.00000
      -0.00000      -0.00000       0.00000      -0.00000
      -0.00000
    -117.86139    -104.76568     -91.66997     -78.57426
     -65.47855     -52.38284     -39.28713     -26.19144
     -13.10446      -2.65726      -0.00875      -0.00002
       0.00000      -0.00000      -0.00000       0.00000
      -0.00000
    -130.95710    -117.86139    -104.76568     -91.66997
     -78.57426     -65.47855     -52.38284     -39.28713
     -26.19144     -13.10446      -2.65726      -0.00875
      -0.00002       0.00000      -0.00000      -0.00000
       0.00000
    -144.05281    -130.95710    -117.86139    -104.76568
     -91.66997     -78.57426     -65.47855     -52.38284
     -39.28713     -26.19144     -13.10446      -2.65726
      -0.00875      -0.00002       0.00000      -0.00000
      -0.00000
    -157.14852    -144.05281    -130.95710    -117.86139
    -104.76568     -91.66997     -78.57426     -65.47855
     -52.38284     -39.28713     -26.19144     -13.10446
      -2.65726      -0.00875      -0.00002       0.00000
      -0.00000
    -170.24424    -157.14852    -144.05281    -130.95710
    -117.86139    -104.76568     -91.66997     -78.57426
     -65.47855     -52.38284     -39.28713     -26.19144
     -13.10446      -2.65726      -0.00875      -0.00002
       0.00000
    -183.33995    -170.24424    -157.14852    -144.05281
    -130.95710    -117.86139    -104.76568     -91.66997
     -78.57426     -65.47855     -52.38284     -39.28713
     -26.19144     -13.10446      -2.65726      -0.00875
      -0.00002
    -196.43566    -183.33995    -170.24424    -157.14852
    -144.05281    -130.95710    -117.86139    -104.76568
     -91.66997     -78.57426     -65.47855     -52.38284
     -39.28713     -26.19144     -13.10446      -2.65726
      -0.00875
    -209.53137    -196.43566    -183.33995    -170.24424
    -157.14852    -144.05281    -130.95710    -117.86139
    -104.76568     -91.66997     -78.57426     -65.47855
     -52.38284     -39.28713     -26.19144     -13.10446
      -2.65726

           Madelung-potential matrices stored on FOR008
