  ITER=   2 NBLK= 1
  1  1    8   2900 -1.500  0.500 0    9.00000000    0.02532544 F T
           8           1           1           1           1           1
           1           1           1
 ATOM            SHIFTS          MADELUNG POT    WS
   1   -0.00000000    0.00000003    0.51241448    2.83583351
   2    0.00000001    0.00000002    0.12336022    2.83583351
   3    0.00000001    0.00000003    0.09795952    2.83583351
   4    0.00000001    0.00000001   -0.00035712    2.83583351
   5    0.00000000    0.00000001   -0.03670596    2.83583351
   6    0.00000001    0.00000001   -0.03609933    2.83583351
   7   -0.00000000    0.00000000   -0.03918246    2.83583351
   8   -0.00000000   -0.00000000   -0.03328346    2.83583351
 ATOM     Q0NEUTER      Q2NEUTER
   1    0.00000000    0.00000000
   1    0.00000000    0.00000000
   1    0.00000000    0.00000000
   1    0.00000000    0.00000000
   1    0.00000000    0.00000000
   1    0.00000000    0.00000000
 ATOM     Q0NEUTER      Q2NEUTER
   2    0.50000000    0.00000000
   2    0.50000000    0.00000000
   2    4.00000000    0.00000000
   2    0.50000000    0.00000000
   2    0.50000000    0.00000000
   2    4.00000000    0.00000000
 ATOM     Q0NEUTER      Q2NEUTER
   3    0.35000000    0.00000000
   3    0.35000000    0.00000000
   3    4.30000000    0.00000000
   3    0.35000000    0.00000000
   3    0.35000000    0.00000000
   3    2.30000000    0.00000000
 ATOM     Q0NEUTER      Q2NEUTER
   4    0.50000000    0.00000000
   4    0.50000000    0.00000000
   4    3.50000000    0.00000000
   4    0.50000000    0.00000000
   4    0.50000000    0.00000000
   4    3.50000000    0.00000000
 ATOM     Q0NEUTER      Q2NEUTER
   5    0.50000000    0.00000000
   5    0.50000000    0.00000000
   5    3.50000000    0.00000000
   5    0.50000000    0.00000000
   5    0.50000000    0.00000000
   5    3.50000000    0.00000000
 ATOM     Q0NEUTER      Q2NEUTER
   6    0.50000000    0.00000000
   6    0.50000000    0.00000000
   6    3.50000000    0.00000000
   6    0.50000000    0.00000000
   6    0.50000000    0.00000000
   6    3.50000000    0.00000000
 ATOM     Q0NEUTER      Q2NEUTER
   7    0.50000000    0.00000000
   7    0.50000000    0.00000000
   7    3.50000000    0.00000000
   7    0.50000000    0.00000000
   7    0.50000000    0.00000000
   7    3.50000000    0.00000000
 ATOM     Q0NEUTER      Q2NEUTER
   8    0.50000000    0.00000000
   8    0.50000000    0.00000000
   8    3.50000000    0.00000000
   8    0.50000000    0.00000000
   8    0.50000000    0.00000000
   8    3.50000000    0.00000000
 INIT=   8 NBAS=  17 WSM=    2.83583351
