 -0.1030321051E-08  0.9890556957E-08
  0.2583238390E-07  0.7517675149E-08
  0.2583238390E-07  0.7517675149E-08
  0.2583238390E-07  0.7517675149E-08
  0.3331278464E-07  0.4730448179E-08
  0.3331278464E-07  0.4730448179E-08
  0.3331278464E-07  0.4730448179E-08
  0.3331278464E-07  0.4730448179E-08
  0.3331278464E-07  0.4730448179E-08
 -0.6855973012E-09  0.9680173746E-08
  0.2468785992E-07  0.6472112526E-08
  0.2468785992E-07  0.6472112526E-08
  0.2468785992E-07  0.6472112526E-08
  0.3328033615E-07  0.4201607652E-08
  0.3328033615E-07  0.4201607652E-08
  0.3328033615E-07  0.4201607652E-08
  0.3328033615E-07  0.4201607652E-08
  0.3328033615E-07  0.4201607652E-08
  0.1743891850E-07 -0.1027944951E-09
  0.1525883775E-07 -0.8090310921E-09
  0.1525883775E-07 -0.8090310921E-09
  0.1525883775E-07 -0.8090310921E-09
  0.1303012537E-07 -0.1625403145E-09
  0.1303012537E-07 -0.1625403145E-09
  0.1303012537E-07 -0.1625403145E-09
  0.1303012537E-07 -0.1625403145E-09
  0.1303012537E-07 -0.1625403145E-09
  0.2035245045E-07 -0.4694984956E-09
  0.1469947103E-07 -0.1003317013E-08
  0.1469947103E-07 -0.1003317013E-08
  0.1469947103E-07 -0.1003317013E-08
  0.1059182136E-07 -0.4822781896E-09
  0.1059182136E-07 -0.4822781896E-09
  0.1059182136E-07 -0.4822781896E-09
  0.1059182136E-07 -0.4822781896E-09
  0.1059182136E-07 -0.4822781896E-09
  0.2736709193E-07 -0.2284894884E-08
  0.1780512371E-07 -0.1921080406E-08
  0.1780512371E-07 -0.1921080406E-08
  0.1780512371E-07 -0.1921080406E-08
  0.6203066338E-08 -0.1950501510E-08
  0.6203066338E-08 -0.1950501510E-08
  0.6203066338E-08 -0.1950501510E-08
  0.6203066338E-08 -0.1950501510E-08
  0.6203066338E-08 -0.1950501510E-08
  0.2757906239E-07 -0.2722085002E-08
  0.1704179287E-07 -0.3005392657E-08
  0.1704179287E-07 -0.3005392657E-08
  0.1704179287E-07 -0.3005392657E-08
  0.7472239327E-08 -0.1697527063E-08
  0.7472239327E-08 -0.1697527063E-08
  0.7472239327E-08 -0.1697527063E-08
  0.7472239327E-08 -0.1697527063E-08
  0.7472239327E-08 -0.1697527063E-08
  0.9946148238E-08  0.6503281247E-09
  0.1203193095E-07  0.8523237671E-09
  0.1203193095E-07  0.8523237671E-09
  0.1203193095E-07  0.8523237671E-09
  0.1007001005E-07  0.3837242468E-09
  0.1007001005E-07  0.3837242468E-09
  0.1007001005E-07  0.3837242468E-09
  0.1007001005E-07  0.3837242468E-09
  0.1007001005E-07  0.3837242468E-09
  0.1057833016E-07 -0.3260197667E-10
  0.1183520848E-07 -0.5100486700E-10
  0.1183520848E-07 -0.5100486700E-10
  0.1183520848E-07 -0.5100486700E-10
  0.9534056683E-08  0.1788366955E-09
  0.9534056683E-08  0.1788366955E-09
  0.9534056683E-08  0.1788366955E-09
  0.9534056683E-08  0.1788366955E-09
  0.9534056683E-08  0.1788366955E-09
  0.1653327975E-08  0.1002688488E-08
  0.3619064048E-08  0.4443562740E-09
  0.3619064048E-08  0.4443562740E-09
  0.3619064048E-08  0.4443562740E-09
  0.3767095469E-08 -0.1066723099E-09
  0.3767095469E-08 -0.1066723099E-09
  0.3767095469E-08 -0.1066723099E-09
  0.3767095469E-08 -0.1066723099E-09
  0.3767095469E-08 -0.1066723099E-09
  0.2182613590E-08  0.9244216503E-10
  0.5229182365E-08  0.5532745095E-09
  0.5229182365E-08  0.5532745095E-09
  0.5229182365E-08  0.5532745095E-09
  0.4925122921E-08  0.2467823168E-09
  0.4925122921E-08  0.2467823168E-09
  0.4925122921E-08  0.2467823168E-09
  0.4925122921E-08  0.2467823168E-09
  0.4925122921E-08  0.2467823168E-09
  0.9625742758E-08  0.2465198601E-09
  0.1000127081E-07 -0.3707627816E-09
  0.1000127081E-07 -0.3707627816E-09
  0.1000127081E-07 -0.3707627816E-09
  0.8881520519E-08 -0.3908127710E-09
  0.8881520519E-08 -0.3908127710E-09
  0.8881520519E-08 -0.3908127710E-09
  0.8881520519E-08 -0.3908127710E-09
  0.8881520519E-08 -0.3908127710E-09
  0.9950274826E-08  0.5877006659E-09
  0.1248501702E-07  0.1046993187E-08
  0.1248501702E-07  0.1046993187E-08
  0.1248501702E-07  0.1046993187E-08
  0.9088998637E-08 -0.8845085775E-10
  0.9088998637E-08 -0.8845085775E-10
  0.9088998637E-08 -0.8845085775E-10
  0.9088998637E-08 -0.8845085775E-10
  0.9088998637E-08 -0.8845085775E-10
 -0.8387772144E-09  0.4346031313E-09
  0.9719086647E-10  0.2510833486E-09
  0.9719086647E-10  0.2510833486E-09
  0.9719086647E-10  0.2510833486E-09
 -0.2059245441E-08 -0.2045146275E-09
 -0.2059245441E-08 -0.2045146275E-09
 -0.2059245441E-08 -0.2045146275E-09
 -0.2059245441E-08 -0.2045146275E-09
 -0.2059245441E-08 -0.2045146275E-09
 -0.8453169831E-09  0.9090688757E-09
  0.1258806448E-08  0.6837473643E-09
  0.1258806448E-08  0.6837473643E-09
  0.1258806448E-08  0.6837473643E-09
 -0.1343688244E-08 -0.1089572044E-09
 -0.1343688244E-08 -0.1089572044E-09
 -0.1343688244E-08 -0.1089572044E-09
 -0.1343688244E-08 -0.1089572044E-09
 -0.1343688244E-08 -0.1089572044E-09
 -0.1347821410E-08  0.5080634802E-09
 -0.1538789263E-08 -0.1664371696E-09
 -0.1538789263E-08 -0.1664371696E-09
 -0.1538789263E-08 -0.1664371696E-09
 -0.1910611169E-08 -0.1911257819E-09
 -0.1910611169E-08 -0.1911257819E-09
 -0.1910611169E-08 -0.1911257819E-09
 -0.1910611169E-08 -0.1911257819E-09
 -0.1910611169E-08 -0.1911257819E-09
 -0.1084948076E-08  0.1418384299E-09
 -0.1825885609E-08 -0.1001158878E-09
 -0.1825885609E-08 -0.1001158878E-09
 -0.1825885609E-08 -0.1001158878E-09
 -0.2519886355E-08 -0.2867559523E-09
 -0.2519886355E-08 -0.2867559523E-09
 -0.2519886355E-08 -0.2867559523E-09
 -0.2519886355E-08 -0.2867559523E-09
 -0.2519886355E-08 -0.2867559523E-09
 -0.1030321051E-08  0.9890556957E-08
  0.2583238390E-07  0.7517675149E-08
  0.2583238390E-07  0.7517675149E-08
  0.2583238390E-07  0.7517675149E-08
  0.3331278464E-07  0.4730448179E-08
  0.3331278464E-07  0.4730448179E-08
  0.3331278464E-07  0.4730448179E-08
  0.3331278464E-07  0.4730448179E-08
  0.3331278464E-07  0.4730448179E-08
 -0.6855973012E-09  0.9680173746E-08
  0.2468785992E-07  0.6472112526E-08
  0.2468785992E-07  0.6472112526E-08
  0.2468785992E-07  0.6472112526E-08
  0.3328033615E-07  0.4201607652E-08
  0.3328033615E-07  0.4201607652E-08
  0.3328033615E-07  0.4201607652E-08
  0.3328033615E-07  0.4201607652E-08
  0.3328033615E-07  0.4201607652E-08
  0.1743891850E-07 -0.1027944951E-09
  0.1525883775E-07 -0.8090310921E-09
  0.1525883775E-07 -0.8090310921E-09
  0.1525883775E-07 -0.8090310921E-09
  0.1303012537E-07 -0.1625403145E-09
  0.1303012537E-07 -0.1625403145E-09
  0.1303012537E-07 -0.1625403145E-09
  0.1303012537E-07 -0.1625403145E-09
  0.1303012537E-07 -0.1625403145E-09
  0.2035245045E-07 -0.4694984956E-09
  0.1469947103E-07 -0.1003317013E-08
  0.1469947103E-07 -0.1003317013E-08
  0.1469947103E-07 -0.1003317013E-08
  0.1059182136E-07 -0.4822781896E-09
  0.1059182136E-07 -0.4822781896E-09
  0.1059182136E-07 -0.4822781896E-09
  0.1059182136E-07 -0.4822781896E-09
  0.1059182136E-07 -0.4822781896E-09
  0.2736709193E-07 -0.2284894884E-08
  0.1780512371E-07 -0.1921080406E-08
  0.1780512371E-07 -0.1921080406E-08
  0.1780512371E-07 -0.1921080406E-08
  0.6203066338E-08 -0.1950501510E-08
  0.6203066338E-08 -0.1950501510E-08
  0.6203066338E-08 -0.1950501510E-08
  0.6203066338E-08 -0.1950501510E-08
  0.6203066338E-08 -0.1950501510E-08
  0.2757906239E-07 -0.2722085002E-08
  0.1704179287E-07 -0.3005392657E-08
  0.1704179287E-07 -0.3005392657E-08
  0.1704179287E-07 -0.3005392657E-08
  0.7472239327E-08 -0.1697527063E-08
  0.7472239327E-08 -0.1697527063E-08
  0.7472239327E-08 -0.1697527063E-08
  0.7472239327E-08 -0.1697527063E-08
  0.7472239327E-08 -0.1697527063E-08
  0.9946148238E-08  0.6503281247E-09
  0.1203193095E-07  0.8523237671E-09
  0.1203193095E-07  0.8523237671E-09
  0.1203193095E-07  0.8523237671E-09
  0.1007001005E-07  0.3837242468E-09
  0.1007001005E-07  0.3837242468E-09
  0.1007001005E-07  0.3837242468E-09
  0.1007001005E-07  0.3837242468E-09
  0.1007001005E-07  0.3837242468E-09
  0.1057833016E-07 -0.3260197667E-10
  0.1183520848E-07 -0.5100486700E-10
  0.1183520848E-07 -0.5100486700E-10
  0.1183520848E-07 -0.5100486700E-10
  0.9534056683E-08  0.1788366955E-09
  0.9534056683E-08  0.1788366955E-09
  0.9534056683E-08  0.1788366955E-09
  0.9534056683E-08  0.1788366955E-09
  0.9534056683E-08  0.1788366955E-09
  0.1653327975E-08  0.1002688488E-08
  0.3619064048E-08  0.4443562740E-09
  0.3619064048E-08  0.4443562740E-09
  0.3619064048E-08  0.4443562740E-09
  0.3767095469E-08 -0.1066723099E-09
  0.3767095469E-08 -0.1066723099E-09
  0.3767095469E-08 -0.1066723099E-09
  0.3767095469E-08 -0.1066723099E-09
  0.3767095469E-08 -0.1066723099E-09
  0.2182613590E-08  0.9244216503E-10
  0.5229182365E-08  0.5532745095E-09
  0.5229182365E-08  0.5532745095E-09
  0.5229182365E-08  0.5532745095E-09
  0.4925122921E-08  0.2467823168E-09
  0.4925122921E-08  0.2467823168E-09
  0.4925122921E-08  0.2467823168E-09
  0.4925122921E-08  0.2467823168E-09
  0.4925122921E-08  0.2467823168E-09
  0.9625742758E-08  0.2465198601E-09
  0.1000127081E-07 -0.3707627816E-09
  0.1000127081E-07 -0.3707627816E-09
  0.1000127081E-07 -0.3707627816E-09
  0.8881520519E-08 -0.3908127710E-09
  0.8881520519E-08 -0.3908127710E-09
  0.8881520519E-08 -0.3908127710E-09
  0.8881520519E-08 -0.3908127710E-09
  0.8881520519E-08 -0.3908127710E-09
  0.9950274826E-08  0.5877006659E-09
  0.1248501702E-07  0.1046993187E-08
  0.1248501702E-07  0.1046993187E-08
  0.1248501702E-07  0.1046993187E-08
  0.9088998637E-08 -0.8845085775E-10
  0.9088998637E-08 -0.8845085775E-10
  0.9088998637E-08 -0.8845085775E-10
  0.9088998637E-08 -0.8845085775E-10
  0.9088998637E-08 -0.8845085775E-10
 -0.8387772144E-09  0.4346031313E-09
  0.9719086647E-10  0.2510833486E-09
  0.9719086647E-10  0.2510833486E-09
  0.9719086647E-10  0.2510833486E-09
 -0.2059245441E-08 -0.2045146275E-09
 -0.2059245441E-08 -0.2045146275E-09
 -0.2059245441E-08 -0.2045146275E-09
 -0.2059245441E-08 -0.2045146275E-09
 -0.2059245441E-08 -0.2045146275E-09
 -0.8453169831E-09  0.9090688757E-09
  0.1258806448E-08  0.6837473643E-09
  0.1258806448E-08  0.6837473643E-09
  0.1258806448E-08  0.6837473643E-09
 -0.1343688244E-08 -0.1089572044E-09
 -0.1343688244E-08 -0.1089572044E-09
 -0.1343688244E-08 -0.1089572044E-09
 -0.1343688244E-08 -0.1089572044E-09
 -0.1343688244E-08 -0.1089572044E-09
 -0.1347821410E-08  0.5080634802E-09
 -0.1538789263E-08 -0.1664371696E-09
 -0.1538789263E-08 -0.1664371696E-09
 -0.1538789263E-08 -0.1664371696E-09
 -0.1910611169E-08 -0.1911257819E-09
 -0.1910611169E-08 -0.1911257819E-09
 -0.1910611169E-08 -0.1911257819E-09
 -0.1910611169E-08 -0.1911257819E-09
 -0.1910611169E-08 -0.1911257819E-09
 -0.1084948076E-08  0.1418384299E-09
 -0.1825885609E-08 -0.1001158878E-09
 -0.1825885609E-08 -0.1001158878E-09
 -0.1825885609E-08 -0.1001158878E-09
 -0.2519886355E-08 -0.2867559523E-09
 -0.2519886355E-08 -0.2867559523E-09
 -0.2519886355E-08 -0.2867559523E-09
 -0.2519886355E-08 -0.2867559523E-09
 -0.2519886355E-08 -0.2867559523E-09
 -0.1030321051E-08  0.9890556957E-08
  0.2583238390E-07  0.7517675149E-08
  0.2583238390E-07  0.7517675149E-08
  0.2583238390E-07  0.7517675149E-08
  0.3331278464E-07  0.4730448179E-08
  0.3331278464E-07  0.4730448179E-08
  0.3331278464E-07  0.4730448179E-08
  0.3331278464E-07  0.4730448179E-08
  0.3331278464E-07  0.4730448179E-08
 -0.6855973012E-09  0.9680173746E-08
  0.2468785992E-07  0.6472112526E-08
  0.2468785992E-07  0.6472112526E-08
  0.2468785992E-07  0.6472112526E-08
  0.3328033615E-07  0.4201607652E-08
  0.3328033615E-07  0.4201607652E-08
  0.3328033615E-07  0.4201607652E-08
  0.3328033615E-07  0.4201607652E-08
  0.3328033615E-07  0.4201607652E-08
  0.1743891850E-07 -0.1027944951E-09
  0.1525883775E-07 -0.8090310921E-09
  0.1525883775E-07 -0.8090310921E-09
  0.1525883775E-07 -0.8090310921E-09
  0.1303012537E-07 -0.1625403145E-09
  0.1303012537E-07 -0.1625403145E-09
  0.1303012537E-07 -0.1625403145E-09
  0.1303012537E-07 -0.1625403145E-09
  0.1303012537E-07 -0.1625403145E-09
  0.2035245045E-07 -0.4694984956E-09
  0.1469947103E-07 -0.1003317013E-08
  0.1469947103E-07 -0.1003317013E-08
  0.1469947103E-07 -0.1003317013E-08
  0.1059182136E-07 -0.4822781896E-09
  0.1059182136E-07 -0.4822781896E-09
  0.1059182136E-07 -0.4822781896E-09
  0.1059182136E-07 -0.4822781896E-09
  0.1059182136E-07 -0.4822781896E-09
  0.2736709193E-07 -0.2284894884E-08
  0.1780512371E-07 -0.1921080406E-08
  0.1780512371E-07 -0.1921080406E-08
  0.1780512371E-07 -0.1921080406E-08
  0.6203066338E-08 -0.1950501510E-08
  0.6203066338E-08 -0.1950501510E-08
  0.6203066338E-08 -0.1950501510E-08
  0.6203066338E-08 -0.1950501510E-08
  0.6203066338E-08 -0.1950501510E-08
  0.2757906239E-07 -0.2722085002E-08
  0.1704179287E-07 -0.3005392657E-08
  0.1704179287E-07 -0.3005392657E-08
  0.1704179287E-07 -0.3005392657E-08
  0.7472239327E-08 -0.1697527063E-08
  0.7472239327E-08 -0.1697527063E-08
  0.7472239327E-08 -0.1697527063E-08
  0.7472239327E-08 -0.1697527063E-08
  0.7472239327E-08 -0.1697527063E-08
  0.9946148238E-08  0.6503281247E-09
  0.1203193095E-07  0.8523237671E-09
  0.1203193095E-07  0.8523237671E-09
  0.1203193095E-07  0.8523237671E-09
  0.1007001005E-07  0.3837242468E-09
  0.1007001005E-07  0.3837242468E-09
  0.1007001005E-07  0.3837242468E-09
  0.1007001005E-07  0.3837242468E-09
  0.1007001005E-07  0.3837242468E-09
  0.1057833016E-07 -0.3260197667E-10
  0.1183520848E-07 -0.5100486700E-10
  0.1183520848E-07 -0.5100486700E-10
  0.1183520848E-07 -0.5100486700E-10
  0.9534056683E-08  0.1788366955E-09
  0.9534056683E-08  0.1788366955E-09
  0.9534056683E-08  0.1788366955E-09
  0.9534056683E-08  0.1788366955E-09
  0.9534056683E-08  0.1788366955E-09
  0.1653327975E-08  0.1002688488E-08
  0.3619064048E-08  0.4443562740E-09
  0.3619064048E-08  0.4443562740E-09
  0.3619064048E-08  0.4443562740E-09
  0.3767095469E-08 -0.1066723099E-09
  0.3767095469E-08 -0.1066723099E-09
  0.3767095469E-08 -0.1066723099E-09
  0.3767095469E-08 -0.1066723099E-09
  0.3767095469E-08 -0.1066723099E-09
  0.2182613590E-08  0.9244216503E-10
  0.5229182365E-08  0.5532745095E-09
  0.5229182365E-08  0.5532745095E-09
  0.5229182365E-08  0.5532745095E-09
  0.4925122921E-08  0.2467823168E-09
  0.4925122921E-08  0.2467823168E-09
  0.4925122921E-08  0.2467823168E-09
  0.4925122921E-08  0.2467823168E-09
  0.4925122921E-08  0.2467823168E-09
  0.9625742758E-08  0.2465198601E-09
  0.1000127081E-07 -0.3707627816E-09
  0.1000127081E-07 -0.3707627816E-09
  0.1000127081E-07 -0.3707627816E-09
  0.8881520519E-08 -0.3908127710E-09
  0.8881520519E-08 -0.3908127710E-09
  0.8881520519E-08 -0.3908127710E-09
  0.8881520519E-08 -0.3908127710E-09
  0.8881520519E-08 -0.3908127710E-09
  0.9950274826E-08  0.5877006659E-09
  0.1248501702E-07  0.1046993187E-08
  0.1248501702E-07  0.1046993187E-08
  0.1248501702E-07  0.1046993187E-08
  0.9088998637E-08 -0.8845085775E-10
  0.9088998637E-08 -0.8845085775E-10
  0.9088998637E-08 -0.8845085775E-10
  0.9088998637E-08 -0.8845085775E-10
  0.9088998637E-08 -0.8845085775E-10
 -0.8387772144E-09  0.4346031313E-09
  0.9719086647E-10  0.2510833486E-09
  0.9719086647E-10  0.2510833486E-09
  0.9719086647E-10  0.2510833486E-09
 -0.2059245441E-08 -0.2045146275E-09
 -0.2059245441E-08 -0.2045146275E-09
 -0.2059245441E-08 -0.2045146275E-09
 -0.2059245441E-08 -0.2045146275E-09
 -0.2059245441E-08 -0.2045146275E-09
 -0.8453169831E-09  0.9090688757E-09
  0.1258806448E-08  0.6837473643E-09
  0.1258806448E-08  0.6837473643E-09
  0.1258806448E-08  0.6837473643E-09
 -0.1343688244E-08 -0.1089572044E-09
 -0.1343688244E-08 -0.1089572044E-09
 -0.1343688244E-08 -0.1089572044E-09
 -0.1343688244E-08 -0.1089572044E-09
 -0.1343688244E-08 -0.1089572044E-09
 -0.1347821410E-08  0.5080634802E-09
 -0.1538789263E-08 -0.1664371696E-09
 -0.1538789263E-08 -0.1664371696E-09
 -0.1538789263E-08 -0.1664371696E-09
 -0.1910611169E-08 -0.1911257819E-09
 -0.1910611169E-08 -0.1911257819E-09
 -0.1910611169E-08 -0.1911257819E-09
 -0.1910611169E-08 -0.1911257819E-09
 -0.1910611169E-08 -0.1911257819E-09
 -0.1084948076E-08  0.1418384299E-09
 -0.1825885609E-08 -0.1001158878E-09
 -0.1825885609E-08 -0.1001158878E-09
 -0.1825885609E-08 -0.1001158878E-09
 -0.2519886355E-08 -0.2867559523E-09
 -0.2519886355E-08 -0.2867559523E-09
 -0.2519886355E-08 -0.2867559523E-09
 -0.2519886355E-08 -0.2867559523E-09
 -0.2519886355E-08 -0.2867559523E-09
