  1  1   19.796000    18.369000     0.000000
  2  2   20.149500    18.981300     0.000000
  3  3   20.503000    19.593600     0.000000
  4  4   20.149500    17.756700     0.000000
  5  5   20.503000    18.369000     0.000000
  6  6   20.856500    18.981300     0.000000
  7  7   21.210000    19.593600     0.000000
  8  8   20.503000    17.144400     0.000000
  9  9   20.856500    17.756700     0.000000
 10 10   21.210000    18.369000     0.000000
 11 11   21.563500    18.981300     0.000000
 12 12   21.917000    19.593600     0.000000
 13 13   21.210000    17.144400     0.000000
 14 14   21.563500    17.756700     0.000000
 15 15   21.917000    18.369000     0.000000
 16 16   22.270500    18.981300     0.000000
 17 17   21.917000    17.144400     0.000000
 18 18   22.270500    17.756700     0.000000
 19 19   22.624000    18.369000     0.000000
