  1  1   33.936000    12.246000     0.000000
  2  2   34.289500    12.858300     0.000000
  3  3   34.643000    13.470600     0.000000
  4  4   34.289500    11.633700     0.000000
  5  5   34.643000    12.246000     0.000000
  6  6   34.996500    12.858300     0.000000
  7  7   35.350000    13.470600     0.000000
  8  8   34.643000    11.021400     0.000000
  9  9   34.996500    11.633700     0.000000
 10 10   35.350000    12.246000     0.000000
 11 11   35.703500    12.858300     0.000000
 12 12   36.057000    13.470600     0.000000
 13 13   35.350000    11.021400     0.000000
 14 14   35.703500    11.633700     0.000000
 15 15   36.057000    12.246000     0.000000
 16 16   36.410500    12.858300     0.000000
 17 17   36.057000    11.021400     0.000000
 18 18   36.410500    11.633700     0.000000
 19 19   36.764000    12.246000     0.000000
