1 1    0.353500    0.612300    0.000000	    0.000008   -0.000005   -0.000061    0.707107
1 1    0.353500   -0.612300    0.000000	   -0.000008   -0.000005   -0.000061    0.707107
1 1    0.707000   -0.000000    0.000000	    0.000000   -0.000009    0.000061    0.707107
1 1   -0.353500    0.612300    0.000000	    0.000008    0.000005    0.000061    0.707107
1 1   -0.353500   -0.612300    0.000000	   -0.000008    0.000005    0.000061    0.707107
1 1   -0.707000    0.000000    0.000000	   -0.000000    0.000009   -0.000061    0.707107
1 1    0.000000   -1.224600    0.000000	   -0.000323   -0.000000    0.000000    1.224745
1 1    1.060500    0.612300    0.000000	    0.000162   -0.000280    0.000000    1.224745
1 1    1.060500   -0.612300    0.000000	   -0.000162   -0.000280   -0.000000    1.224745
1 1   -0.000000    1.224600    0.000000	    0.000323    0.000000   -0.000000    1.224745
1 1   -1.060500    0.612300    0.000000	    0.000162    0.000280    0.000000    1.224745
1 1   -1.060500   -0.612300    0.000000	   -0.000162    0.000280   -0.000000    1.224745
1 1    0.707000    1.224600    0.000000	   -0.000239    0.000138   -0.000029    1.414214
1 1    0.707000   -1.224600    0.000000	    0.000239    0.000138   -0.000029    1.414214
1 1    1.414000   -0.000000    0.000000	    0.000000    0.000276    0.000029    1.414214
1 1   -0.707000    1.224600    0.000000	   -0.000239   -0.000138    0.000029    1.414214
1 1   -0.707000   -1.224600    0.000000	    0.000239   -0.000138    0.000029    1.414214
1 1   -1.414000    0.000000    0.000000	   -0.000000   -0.000276   -0.000029    1.414214
1 1    0.353500    1.836900    0.000000	    0.000186   -0.000097    0.000013    1.870829
1 1    0.353500   -1.836900    0.000000	   -0.000186   -0.000097    0.000013    1.870829
1 1    1.414000    1.224600    0.000000	    0.000177   -0.000112    0.000013    1.870829
1 1    1.414000   -1.224600    0.000000	   -0.000177   -0.000112    0.000013    1.870829
1 1    1.767500    0.612300    0.000000	    0.000009   -0.000210   -0.000013    1.870829
1 1    1.767500   -0.612300    0.000000	   -0.000009   -0.000210   -0.000013    1.870829
1 1   -0.353500    1.836900    0.000000	    0.000186    0.000097   -0.000013    1.870829
1 1   -0.353500   -1.836900    0.000000	   -0.000186    0.000097   -0.000013    1.870829
1 1   -1.414000    1.224600    0.000000	    0.000177    0.000112   -0.000013    1.870829
1 1   -1.414000   -1.224600    0.000000	   -0.000177    0.000112   -0.000013    1.870829
1 1   -1.767500    0.612300    0.000000	    0.000009    0.000210    0.000013    1.870829
1 1   -1.767500   -0.612300    0.000000	   -0.000009    0.000210    0.000013    1.870829
1 1    1.060500    1.836900    0.000000	   -0.000147    0.000085    0.000037    2.121320
1 1    1.060500   -1.836900    0.000000	    0.000147    0.000085    0.000037    2.121320
1 1    2.121000    0.000000    0.000000	   -0.000000    0.000170   -0.000037    2.121320
1 1   -1.060500    1.836900    0.000000	   -0.000147   -0.000085   -0.000037    2.121320
1 1   -1.060500   -1.836900    0.000000	    0.000147   -0.000085   -0.000037    2.121320
1 1   -2.121000   -0.000000    0.000000	    0.000000   -0.000170    0.000037    2.121320
1 1    0.000000   -2.449200    0.000000	   -0.000061   -0.000000    0.000000    2.449490
1 1    2.121000    1.224600    0.000000	    0.000031   -0.000053    0.000000    2.449490
1 1    2.121000   -1.224600    0.000000	   -0.000031   -0.000053   -0.000000    2.449490
1 1   -0.000000    2.449200    0.000000	    0.000061    0.000000   -0.000000    2.449490
1 1   -2.121000    1.224600    0.000000	    0.000031    0.000053    0.000000    2.449490
1 1   -2.121000   -1.224600    0.000000	   -0.000031    0.000053   -0.000000    2.449490
1 1    0.707000    2.449200    0.000000	    0.000003   -0.000023    0.000024    2.549510
1 1    0.707000   -2.449200    0.000000	   -0.000003   -0.000023    0.000024    2.549510
1 1    1.767500    1.836900    0.000000	    0.000021    0.000009    0.000024    2.549510
1 1    1.767500   -1.836900    0.000000	   -0.000021    0.000009    0.000024    2.549510
1 1    2.474500    0.612300    0.000000	   -0.000018   -0.000014   -0.000024    2.549510
1 1    2.474500   -0.612300    0.000000	    0.000018   -0.000014   -0.000024    2.549510
1 1   -0.707000    2.449200    0.000000	    0.000003    0.000023   -0.000024    2.549510
1 1   -0.707000   -2.449200    0.000000	   -0.000003    0.000023   -0.000024    2.549510
1 1   -1.767500    1.836900    0.000000	    0.000021   -0.000009   -0.000024    2.549510
1 1   -1.767500   -1.836900    0.000000	   -0.000021   -0.000009   -0.000024    2.549510
1 1   -2.474500    0.612300    0.000000	   -0.000018    0.000014    0.000024    2.549510
1 1   -2.474500   -0.612300    0.000000	    0.000018    0.000014    0.000024    2.549510
1 1    1.414000    2.449200    0.000000	    0.000049   -0.000028    0.000029    2.828427
1 1    1.414000   -2.449200    0.000000	   -0.000049   -0.000028    0.000029    2.828427
1 1    2.828000    0.000000    0.000000	    0.000000   -0.000056   -0.000029    2.828427
1 1   -1.414000    2.449200    0.000000	    0.000049    0.000028   -0.000029    2.828427
1 1   -1.414000   -2.449200    0.000000	   -0.000049    0.000028   -0.000029    2.828427
1 1   -2.828000   -0.000000    0.000000	   -0.000000    0.000056    0.000029    2.828427
1 1    0.353500    3.061500    0.000000	    0.000049   -0.000009    0.000007    3.082207
1 1    0.353500   -3.061500    0.000000	   -0.000049   -0.000009    0.000007    3.082207
1 1    2.474500    1.836900    0.000000	    0.000032   -0.000038    0.000007    3.082207
1 1    2.474500   -1.836900    0.000000	   -0.000032   -0.000038    0.000007    3.082207
1 1    2.828000    1.224600    0.000000	    0.000016   -0.000047   -0.000007    3.082207
1 1    2.828000   -1.224600    0.000000	   -0.000016   -0.000047   -0.000007    3.082207
1 1   -0.353500    3.061500    0.000000	    0.000049    0.000009   -0.000007    3.082207
1 1   -0.353500   -3.061500    0.000000	   -0.000049    0.000009   -0.000007    3.082207
1 1   -2.474500    1.836900    0.000000	    0.000032    0.000038   -0.000007    3.082207
1 1   -2.474500   -1.836900    0.000000	   -0.000032    0.000038   -0.000007    3.082207
1 1   -2.828000    1.224600    0.000000	    0.000016    0.000047    0.000007    3.082207
1 1   -2.828000   -1.224600    0.000000	   -0.000016    0.000047    0.000007    3.082207
1 1    1.060500    3.061500    0.000000	   -0.000112    0.000066    0.000013    3.240370
1 1    1.060500   -3.061500    0.000000	    0.000112    0.000066    0.000013    3.240370
1 1    2.121000    2.449200    0.000000	   -0.000113    0.000064    0.000013    3.240370
1 1    2.121000   -2.449200    0.000000	    0.000113    0.000064    0.000013    3.240370
1 1    3.181500    0.612300    0.000000	    0.000001    0.000130   -0.000013    3.240370
1 1    3.181500   -0.612300    0.000000	   -0.000001    0.000130   -0.000013    3.240370
1 1   -1.060500    3.061500    0.000000	   -0.000112   -0.000066   -0.000013    3.240370
1 1   -1.060500   -3.061500    0.000000	    0.000112   -0.000066   -0.000013    3.240370
1 1   -2.121000    2.449200    0.000000	   -0.000113   -0.000064   -0.000013    3.240370
1 1   -2.121000   -2.449200    0.000000	    0.000113   -0.000064   -0.000013    3.240370
1 1   -3.181500    0.612300    0.000000	    0.000001   -0.000130    0.000013    3.240370
1 1   -3.181500   -0.612300    0.000000	   -0.000001   -0.000130    0.000013    3.240370
1 1    1.767500    3.061500    0.000000	    0.000097   -0.000056   -0.000000    3.535534
1 1    1.767500   -3.061500    0.000000	   -0.000097   -0.000056   -0.000000    3.535534
1 1    3.535000    0.000000    0.000000	   -0.000000   -0.000112    0.000000    3.535534
1 1   -1.767500    3.061500    0.000000	    0.000097    0.000056    0.000000    3.535534
1 1   -1.767500   -3.061500    0.000000	   -0.000097    0.000056    0.000000    3.535534
1 1   -3.535000   -0.000000    0.000000	    0.000000    0.000112   -0.000000    3.535534
1 1    0.000000    3.673800    0.000000	    0.000013    0.000000   -0.000000    3.674235
1 1    3.181500    1.836900    0.000000	    0.000006   -0.000011    0.000000    3.674235
1 1    3.181500   -1.836900    0.000000	   -0.000006   -0.000011   -0.000000    3.674235
1 1   -0.000000   -3.673800    0.000000	   -0.000013   -0.000000    0.000000    3.674235
1 1   -3.181500    1.836900    0.000000	    0.000006    0.000011    0.000000    3.674235
1 1   -3.181500   -1.836900    0.000000	   -0.000006    0.000011   -0.000000    3.674235
1 1    0.707000    3.673800    0.000000	    0.000008   -0.000005    0.000007    3.741657
1 1    0.707000   -3.673800    0.000000	   -0.000008   -0.000005    0.000007    3.741657
1 1    2.828000    2.449200    0.000000	    0.000008   -0.000005    0.000007    3.741657
1 1    2.828000   -2.449200    0.000000	   -0.000008   -0.000005    0.000007    3.741657
1 1    3.535000    1.224600    0.000000	    0.000000   -0.000009   -0.000007    3.741657
1 1    3.535000   -1.224600    0.000000	   -0.000000   -0.000009   -0.000007    3.741657
1 1   -0.707000    3.673800    0.000000	    0.000008    0.000005   -0.000007    3.741657
1 1   -0.707000   -3.673800    0.000000	   -0.000008    0.000005   -0.000007    3.741657
1 1   -2.828000    2.449200    0.000000	    0.000008    0.000005   -0.000007    3.741657
1 1   -2.828000   -2.449200    0.000000	   -0.000008    0.000005   -0.000007    3.741657
1 1   -3.535000    1.224600    0.000000	    0.000000    0.000009    0.000007    3.741657
1 1   -3.535000   -1.224600    0.000000	   -0.000000    0.000009    0.000007    3.741657
1 2    0.353500    0.204100    0.577300	   -0.000608    0.001053   -0.000000    0.707107
1 2   -0.353500    0.204100    0.577300	   -0.000608   -0.001053   -0.000000    0.707107
1 2    0.707000   -0.408200    0.577300	    0.000103    0.000178   -0.000000    1.000000
1 2   -0.000000    0.816400    0.577300	   -0.000206   -0.000000   -0.000000    1.000000
1 2   -0.707000   -0.408200    0.577300	    0.000103   -0.000178   -0.000000    1.000000
1 2    0.353500   -1.020500    0.577300	   -0.000038   -0.000314   -0.000214    1.224745
1 2    0.707000    0.816400    0.577300	    0.000291    0.000124   -0.000214    1.224745
1 2    1.060500    0.204100    0.577300	   -0.000253   -0.000190    0.000214    1.224745
1 2   -0.353500   -1.020500    0.577300	   -0.000038    0.000314    0.000214    1.224745
1 2   -0.707000    0.816400    0.577300	    0.000291   -0.000124    0.000214    1.224745
1 2   -1.060500    0.204100    0.577300	   -0.000253    0.000190   -0.000214    1.224745
1 2    0.353500    1.428700    0.577300	    0.000041   -0.000263   -0.000025    1.581139
1 2    1.060500   -1.020500    0.577300	   -0.000248    0.000096   -0.000025    1.581139
1 2    1.414000   -0.408200    0.577300	    0.000208   -0.000167    0.000025    1.581139
1 2   -0.353500    1.428700    0.577300	    0.000041    0.000263    0.000025    1.581139
1 2   -1.060500   -1.020500    0.577300	   -0.000248   -0.000096    0.000025    1.581139
1 2   -1.414000   -0.408200    0.577300	    0.000208    0.000167   -0.000025    1.581139
1 2    1.414000    0.816400    0.577300	   -0.000090    0.000155   -0.000000    1.732051
1 2   -0.000000   -1.632800    0.577300	    0.000179    0.000000   -0.000000    1.732051
1 2   -1.414000    0.816400    0.577300	   -0.000090   -0.000155   -0.000000    1.732051
1 2    0.707000   -1.632800    0.577300	    0.000227   -0.000103   -0.000482    1.870829
1 2    1.060500    1.428700    0.577300	   -0.000024    0.000248   -0.000482    1.870829
1 2    1.767500    0.204100    0.577300	   -0.000203    0.000145    0.000482    1.870829
1 2   -0.707000   -1.632800    0.577300	    0.000227    0.000103    0.000482    1.870829
1 2   -1.060500    1.428700    0.577300	   -0.000024   -0.000248    0.000482    1.870829
1 2   -1.767500    0.204100    0.577300	   -0.000203   -0.000145   -0.000482    1.870829
1 2    0.000000    2.041000    0.577300	   -0.000179    0.000000    0.000000    2.121320
1 2    1.767500   -1.020500    0.577300	    0.000090    0.000155    0.000000    2.121320
1 2   -1.767500   -1.020500    0.577300	    0.000090   -0.000155    0.000000    2.121320
1 2    0.707000    2.041000    0.577300	    0.000075   -0.000087   -0.000049    2.236068
1 2    1.414000   -1.632800    0.577300	   -0.000113   -0.000021   -0.000049    2.236068
1 2    2.121000   -0.408200    0.577300	    0.000038   -0.000108    0.000049    2.236068
1 2   -0.707000    2.041000    0.577300	    0.000075    0.000087    0.000049    2.236068
1 2   -1.414000   -1.632800    0.577300	   -0.000113    0.000021    0.000049    2.236068
1 2   -2.121000   -0.408200    0.577300	    0.000038    0.000108   -0.000049    2.236068
1 2    0.353500   -2.245100    0.577300	    0.000201   -0.000174    0.000044    2.345208
1 2    1.767500    1.428700    0.577300	    0.000050    0.000261    0.000044    2.345208
1 2    2.121000    0.816400    0.577300	   -0.000251    0.000087   -0.000044    2.345208
1 2   -0.353500   -2.245100    0.577300	    0.000201    0.000174   -0.000044    2.345208
1 2   -1.767500    1.428700    0.577300	    0.000050   -0.000261   -0.000044    2.345208
1 2   -2.121000    0.816400    0.577300	   -0.000251   -0.000087    0.000044    2.345208
1 2    1.060500   -2.245100    0.577300	   -0.000010    0.000138   -0.000036    2.549510
1 2    1.414000    2.041000    0.577300	   -0.000114   -0.000077   -0.000036    2.549510
1 2    2.474500    0.204100    0.577300	    0.000124    0.000060    0.000036    2.549510
1 2   -1.060500   -2.245100    0.577300	   -0.000010   -0.000138    0.000036    2.549510
1 2   -1.414000    2.041000    0.577300	   -0.000114    0.000077    0.000036    2.549510
1 2   -2.474500    0.204100    0.577300	    0.000124   -0.000060   -0.000036    2.549510
1 2    0.353500    2.653300    0.577300	   -0.000039    0.000055   -0.000027    2.738613
1 2    2.121000   -1.632800    0.577300	    0.000067    0.000006   -0.000027    2.738613
1 2    2.474500   -1.020500    0.577300	   -0.000029    0.000061    0.000027    2.738613
1 2   -0.353500    2.653300    0.577300	   -0.000039   -0.000055    0.000027    2.738613
1 2   -2.121000   -1.632800    0.577300	    0.000067   -0.000006    0.000027    2.738613
1 2   -2.474500   -1.020500    0.577300	   -0.000029   -0.000061   -0.000027    2.738613
1 2    0.000000   -2.857400    0.577300	    0.000015   -0.000000    0.000000    2.915476
1 2    1.060500    2.653300    0.577300	    0.000085   -0.000019   -0.000047    2.915476
1 2    1.767500   -2.245100    0.577300	   -0.000059   -0.000064   -0.000047    2.915476
1 2    2.474500    1.428700    0.577300	   -0.000008    0.000013    0.000000    2.915476
1 2    2.828000   -0.408200    0.577300	   -0.000026   -0.000083    0.000047    2.915476
1 2   -1.060500    2.653300    0.577300	    0.000085    0.000019    0.000047    2.915476
1 2   -1.767500   -2.245100    0.577300	   -0.000059    0.000064    0.000047    2.915476
1 2   -2.474500    1.428700    0.577300	   -0.000008   -0.000013    0.000000    2.915476
1 2   -2.828000   -0.408200    0.577300	   -0.000026    0.000083   -0.000047    2.915476
1 2    0.707000   -2.857400    0.577300	   -0.000037   -0.000047   -0.000028    3.000000
1 2    2.121000    2.041000    0.577300	    0.000059   -0.000008   -0.000028    3.000000
1 2    2.828000    0.816400    0.577300	   -0.000022   -0.000056    0.000028    3.000000
1 2   -0.707000   -2.857400    0.577300	   -0.000037    0.000047    0.000028    3.000000
1 2   -2.121000    2.041000    0.577300	    0.000059    0.000008    0.000028    3.000000
1 2   -2.828000    0.816400    0.577300	   -0.000022    0.000056   -0.000028    3.000000
1 2    1.414000   -2.857400    0.577300	    0.000059   -0.000003    0.000118    3.240370
1 2    1.767500    2.653300    0.577300	   -0.000027    0.000053    0.000118    3.240370
1 2    3.181500    0.204100    0.577300	   -0.000032    0.000050   -0.000118    3.240370
1 2   -1.414000   -2.857400    0.577300	    0.000059    0.000003   -0.000118    3.240370
1 2   -1.767500    2.653300    0.577300	   -0.000027   -0.000053   -0.000118    3.240370
1 2   -3.181500    0.204100    0.577300	   -0.000032   -0.000050    0.000118    3.240370
1 2    0.000000    3.265600    0.577300	   -0.000047   -0.000000   -0.000000    3.316625
1 2    2.828000   -1.632800    0.577300	    0.000024    0.000041   -0.000000    3.316625
1 2   -2.828000   -1.632800    0.577300	    0.000024   -0.000041   -0.000000    3.316625
1 2    0.707000    3.265600    0.577300	    0.000077   -0.000017   -0.000018    3.391165
1 2    2.474500   -2.245100    0.577300	   -0.000054   -0.000058   -0.000018    3.391165
1 2    3.181500   -1.020500    0.577300	   -0.000024   -0.000075    0.000018    3.391165
1 2   -0.707000    3.265600    0.577300	    0.000077    0.000017    0.000018    3.391165
1 2   -2.474500   -2.245100    0.577300	   -0.000054    0.000058    0.000018    3.391165
1 2   -3.181500   -1.020500    0.577300	   -0.000024    0.000076   -0.000018    3.391165
1 2    0.353500   -3.469700    0.577300	    0.000033   -0.000010   -0.000007    3.535534
1 2    2.828000    2.041000    0.577300	   -0.000008    0.000034   -0.000007    3.535534
1 2    3.181500    1.428700    0.577300	   -0.000025    0.000023    0.000007    3.535534
1 2   -0.353500   -3.469700    0.577300	    0.000033    0.000010    0.000007    3.535534
1 2   -2.828000    2.041000    0.577300	   -0.000008   -0.000034    0.000007    3.535534
1 2   -3.181500    1.428700    0.577300	   -0.000025   -0.000023   -0.000007    3.535534
1 2    2.121000   -2.857400    0.577300	    0.000027    0.000016   -0.000017    3.605551
1 2    3.535000   -0.408200    0.577300	    0.000000    0.000031    0.000017    3.605551
1 2   -2.121000   -2.857400    0.577300	    0.000027   -0.000016    0.000017    3.605551
1 2   -3.535000   -0.408200    0.577300	    0.000000   -0.000031   -0.000017    3.605551
1 2    1.060500   -3.469700    0.577300	    0.000029    0.000038   -0.000017    3.674235
1 2    3.535000    0.816400    0.577300	    0.000018    0.000044    0.000017    3.674235
1 2   -1.060500   -3.469700    0.577300	    0.000029   -0.000038    0.000017    3.674235
1 2   -3.535000    0.816400    0.577300	    0.000018   -0.000044   -0.000017    3.674235
1 2    1.767500   -3.469700    0.577300	   -0.000009   -0.000021   -0.000026    3.937004
1 2    3.181500   -2.245100    0.577300	    0.000007    0.000012   -0.000021    3.937004
1 2    3.535000   -1.632800    0.577300	    0.000007    0.000012    0.000021    3.937004
1 2   -1.767500   -3.469700    0.577300	   -0.000009    0.000022    0.000026    3.937004
1 2   -3.181500   -2.245100    0.577300	    0.000007   -0.000012    0.000021    3.937004
1 2   -3.535000   -1.632800    0.577300	    0.000007   -0.000012   -0.000021    3.937004
1 2    2.828000   -2.857400    0.577300	   -0.000020   -0.000023    0.000009    4.062019
1 2   -2.828000   -2.857400    0.577300	   -0.000020    0.000023   -0.000009    4.062019
1 2    0.000000   -4.082000    0.577300	    0.000009   -0.000000   -0.000000    4.123106
1 2    0.707000   -4.082000    0.577300	   -0.000011   -0.000010   -0.000016    4.183300
1 2   -0.707000   -4.082000    0.577300	   -0.000011    0.000010    0.000016    4.183300
1 3    0.000000    0.408200    1.154600	    0.000001    0.000000    0.000000    1.224745
1 3    0.353500   -0.204100    1.154600	   -0.000000   -0.000001    0.000000    1.224745
1 3   -0.353500   -0.204100    1.154600	   -0.000000    0.000000    0.000000    1.224745
1 3    0.707000    0.408200    1.154600	   -0.000000    0.000000    0.000000    1.414214
1 3   -0.707000    0.408200    1.154600	   -0.000000   -0.000001    0.000000    1.414214
1 3    0.353500    1.020500    1.154600	    0.000001    0.000001   -0.000002    1.581139
1 3    0.707000   -0.816400    1.154600	    0.000000   -0.000001   -0.000002    1.581139
1 3    1.060500   -0.204100    1.154600	   -0.000001   -0.000000    0.000002    1.581139
1 3   -0.353500    1.020500    1.154600	    0.000001   -0.000001    0.000002    1.581139
1 3   -0.707000   -0.816400    1.154600	    0.000000    0.000001    0.000002    1.581139
1 3   -1.060500   -0.204100    1.154600	   -0.000001    0.000000   -0.000002    1.581139
1 3    0.353500   -1.428700    1.154600	    0.000000   -0.000000   -0.000000    1.870829
1 3    1.060500    1.020500    1.154600	    0.000000    0.000000   -0.000000    1.870829
1 3    1.414000    0.408200    1.154600	   -0.000000   -0.000000    0.000000    1.870829
1 3   -0.353500   -1.428700    1.154600	   -0.000000    0.000000    0.000000    1.870829
1 3   -1.060500    1.020500    1.154600	    0.000000   -0.000000    0.000000    1.870829
1 3   -1.414000    0.408200    1.154600	   -0.000000    0.000000   -0.000000    1.870829
1 3    0.000000    1.632800    1.154600	    0.000000    0.000000   -0.000000    2.000000
1 3    1.414000   -0.816400    1.154600	   -0.000000   -0.000000   -0.000000    2.000000
1 3   -1.414000   -0.816400    1.154600	   -0.000000    0.000000   -0.000000    2.000000
1 3    0.707000    1.632800    1.154600	    0.000000   -0.000001   -0.000001    2.121320
1 3    1.060500   -1.428700    1.154600	   -0.000001    0.000000   -0.000001    2.121320
1 3    1.767500   -0.204100    1.154600	    0.000001   -0.000000    0.000001    2.121320
1 3   -0.707000    1.632800    1.154600	    0.000000    0.000001    0.000001    2.121320
1 3   -1.060500   -1.428700    1.154600	   -0.000001   -0.000000    0.000001    2.121320
1 3   -1.767500   -0.204100    1.154600	    0.000001    0.000000   -0.000001    2.121320
1 3    1.767500    1.020500    1.154600	   -0.000000    0.000000    0.000000    2.345208
1 3   -0.000000   -2.041000    1.154600	    0.000000    0.000000    0.000000    2.345208
1 3   -1.767500    1.020500    1.154600	   -0.000000   -0.000000    0.000000    2.345208
1 3    0.707000   -2.041000    1.154600	   -0.000000   -0.000000   -0.000000    2.449490
1 3    1.414000    1.632800    1.154600	    0.000001   -0.000000   -0.000000    2.449490
1 3    2.121000    0.408200    1.154600	    0.000000   -0.000001    0.000000    2.449490
1 3   -0.707000   -2.041000    1.154600	   -0.000001    0.000000    0.000000    2.449490
1 3   -1.414000    1.632800    1.154600	    0.000000    0.000000    0.000000    2.449490
1 3   -2.121000    0.408200    1.154600	   -0.000000    0.000001   -0.000000    2.449490
1 3    0.353500    2.245100    1.154600	    0.000000    0.000000   -0.000000    2.549510
1 3    1.767500   -1.428700    1.154600	    0.000000   -0.000000   -0.000000    2.549510
1 3    2.121000   -0.816400    1.154600	   -0.000000   -0.000000    0.000000    2.549510
1 3   -0.353500    2.245100    1.154600	    0.000000   -0.000000    0.000000    2.549510
1 3   -1.767500   -1.428700    1.154600	   -0.000000    0.000000    0.000000    2.549510
1 3   -2.121000   -0.816400    1.154600	   -0.000000    0.000000   -0.000000    2.549510
1 3    1.060500    2.245100    1.154600	   -0.000000   -0.000000    0.000000    2.738613
1 3    1.414000   -2.041000    1.154600	    0.000000    0.000000    0.000000    2.738613
1 3    2.474500   -0.204100    1.154600	    0.000000    0.000000   -0.000000    2.738613
1 3   -1.060500    2.245100    1.154600	   -0.000000   -0.000000   -0.000000    2.738613
1 3   -1.414000   -2.041000    1.154600	    0.000000   -0.000000   -0.000000    2.738613
1 3   -2.474500   -0.204100    1.154600	    0.000000   -0.000000    0.000000    2.738613
1 3    0.353500   -2.653300    1.154600	   -0.000000    0.000000   -0.000000    2.915476
1 3    2.121000    1.632800    1.154600	    0.000000   -0.000000   -0.000000    2.915476
1 3    2.474500    1.020500    1.154600	    0.000000   -0.000000    0.000000    2.915476
1 3   -0.353500   -2.653300    1.154600	   -0.000000   -0.000000    0.000000    2.915476
1 3   -2.121000    1.632800    1.154600	   -0.000000    0.000000    0.000000    2.915476
1 3   -2.474500    1.020500    1.154600	    0.000000    0.000000   -0.000000    2.915476
1 3    1.060500   -2.653300    1.154600	    0.000000    0.000001    0.000000    3.082207
1 3    1.767500    2.245100    1.154600	   -0.000001   -0.000000    0.000000    3.082207
1 3    2.474500   -1.428700    1.154600	    0.000000    0.000000    0.000000    3.082207
1 3    2.828000    0.408200    1.154600	    0.000000    0.000001   -0.000000    3.082207
1 3   -0.000000    2.857400    1.154600	   -0.000000   -0.000000    0.000000    3.082207
1 3   -1.060500   -2.653300    1.154600	    0.000000   -0.000000   -0.000000    3.082207
1 3   -1.767500    2.245100    1.154600	   -0.000001   -0.000000   -0.000000    3.082207
1 3   -2.474500   -1.428700    1.154600	    0.000000   -0.000000    0.000000    3.082207
1 3   -2.828000    0.408200    1.154600	    0.000000   -0.000000    0.000000    3.082207
1 3    0.707000    2.857400    1.154600	   -0.000000   -0.000000   -0.000000    3.162278
1 3    2.121000   -2.041000    1.154600	   -0.000000    0.000000   -0.000000    3.162278
1 3    2.828000   -0.816400    1.154600	    0.000000    0.000000    0.000000    3.162278
1 3   -0.707000    2.857400    1.154600	   -0.000000    0.000000    0.000000    3.162278
1 3   -2.121000   -2.041000    1.154600	    0.000000   -0.000000    0.000000    3.162278
1 3   -2.828000   -0.816400    1.154600	    0.000000   -0.000000   -0.000000    3.162278
1 3    1.767500   -2.653300    1.154600	   -0.000000    0.000000    0.000000    3.391165
1 3    3.181500   -0.204100    1.154600	    0.000000   -0.000000   -0.000000    3.391165
1 3   -1.767500   -2.653300    1.154600	   -0.000000   -0.000000   -0.000000    3.391165
1 3   -3.181500   -0.204100    1.154600	    0.000000    0.000000    0.000000    3.391165
1 3    2.828000    1.632800    1.154600	    0.000000   -0.000000   -0.000000    3.464102
1 3   -0.000000   -3.265600    1.154600	   -0.000000   -0.000000   -0.000000    3.464102
1 3   -2.828000    1.632800    1.154600	    0.000000    0.000000   -0.000000    3.464102
1 3    0.707000   -3.265600    1.154600	    0.000000    0.000000   -0.000000    3.535534
1 3    3.181500    1.020500    1.154600	   -0.000000    0.000000    0.000000    3.535534
1 3   -0.707000   -3.265600    1.154600	    0.000000   -0.000000    0.000000    3.535534
1 3   -3.181500    1.020500    1.154600	    0.000000   -0.000000   -0.000000    3.535534
1 3    2.828000   -2.041000    1.154600	    0.000000   -0.000000   -0.000000    3.674235
1 3    3.181500   -1.428700    1.154600	   -0.000000    0.000000    0.000000    3.674235
1 3   -2.828000   -2.041000    1.154600	    0.000000    0.000000    0.000000    3.674235
1 3   -3.181500   -1.428700    1.154600	   -0.000000   -0.000000   -0.000000    3.674235
1 3    1.414000   -3.265600    1.154600	    0.000000    0.000000    0.000000    3.741657
1 3    3.535000    0.408200    1.154600	    0.000000    0.000000   -0.000000    3.741657
1 3   -1.414000   -3.265600    1.154600	    0.000000   -0.000000   -0.000000    3.741657
1 3   -3.535000    0.408200    1.154600	    0.000000   -0.000000    0.000000    3.741657
1 3    2.474500   -2.653300    1.154600	    0.000000    0.000000    0.000000    3.807887
1 3    3.535000   -0.816400    1.154600	    0.000000    0.000000   -0.000000    3.807887
1 3   -2.474500   -2.653300    1.154600	    0.000000   -0.000000   -0.000000    3.807887
1 3   -3.535000   -0.816400    1.154600	    0.000000   -0.000000    0.000000    3.807887
1 3    0.353500   -3.877900    1.154600	    0.000000    0.000000    0.000000    4.062019
1 3    2.121000   -3.265600    1.154600	    0.000000    0.000000   -0.000000    4.062019
1 3   -0.353500   -3.877900    1.154600	    0.000000   -0.000000   -0.000000    4.062019
1 3   -2.121000   -3.265600    1.154600	    0.000000   -0.000000    0.000000    4.062019
1 3    1.060500   -3.877900    1.154600	    0.000000    0.000000   -0.000000    4.183300
1 3   -1.060500   -3.877900    1.154600	    0.000000   -0.000000    0.000000    4.183300
1 3    3.535000   -2.041000    1.154600	    0.000000    0.000000    0.000000    4.242641
1 3   -3.535000   -2.041000    1.154600	    0.000000   -0.000000    0.000000    4.242641
1 3    3.181500   -2.653300    1.154600	    0.000000    0.000000    0.000000    4.301163
1 3   -3.181500   -2.653300    1.154600	    0.000000    0.000000   -0.000000    4.301163
1 3    1.767500   -3.877900    1.154600	   -0.000000   -0.000000   -0.000000    4.415880
1 3   -1.767500   -3.877900    1.154600	   -0.000000    0.000000    0.000000    4.415880
1 3    2.828000   -3.265600    1.154600	   -0.000000    0.000000   -0.000000    4.472136
1 3   -2.828000   -3.265600    1.154600	   -0.000000   -0.000000    0.000000    4.472136
1 3    0.000000   -4.490200    1.154600	   -0.000000   -0.000000   -0.000000    4.636809
1 3    0.707000   -4.490200    1.154600	    0.000000    0.000000    0.000000    4.690416
1 3   -0.707000   -4.490200    1.154600	    0.000000    0.000000   -0.000000    4.690416
2 1    0.353500   -0.204100   -0.577300	    0.000608    0.001053    0.000000    0.707107
2 1   -0.353500   -0.204100   -0.577300	    0.000608   -0.001053    0.000000    0.707107
2 1    0.000000   -0.816400   -0.577300	    0.000206    0.000000    0.000000    1.000000
2 1    0.707000    0.408200   -0.577300	   -0.000103    0.000178    0.000000    1.000000
2 1   -0.707000    0.408200   -0.577300	   -0.000103   -0.000178    0.000000    1.000000
2 1    0.353500    1.020500   -0.577300	    0.000038   -0.000314   -0.000214    1.224745
2 1    0.707000   -0.816400   -0.577300	   -0.000291    0.000124   -0.000214    1.224745
2 1    1.060500   -0.204100   -0.577300	    0.000253   -0.000190    0.000214    1.224745
2 1   -0.353500    1.020500   -0.577300	    0.000038    0.000314    0.000214    1.224745
2 1   -0.707000   -0.816400   -0.577300	   -0.000291   -0.000124    0.000214    1.224745
2 1   -1.060500   -0.204100   -0.577300	    0.000253    0.000190   -0.000214    1.224745
2 1    0.353500   -1.428700   -0.577300	   -0.000041   -0.000263   -0.000025    1.581139
2 1    1.060500    1.020500   -0.577300	    0.000248    0.000096   -0.000025    1.581139
2 1    1.414000    0.408200   -0.577300	   -0.000208   -0.000167    0.000025    1.581139
2 1   -0.353500   -1.428700   -0.577300	   -0.000041    0.000263    0.000025    1.581139
2 1   -1.060500    1.020500   -0.577300	    0.000248   -0.000096    0.000025    1.581139
2 1   -1.414000    0.408200   -0.577300	   -0.000208    0.000167   -0.000025    1.581139
2 1    0.000000    1.632800   -0.577300	   -0.000179   -0.000000    0.000000    1.732051
2 1    1.414000   -0.816400   -0.577300	    0.000090    0.000155    0.000000    1.732051
2 1   -1.414000   -0.816400   -0.577300	    0.000090   -0.000155    0.000000    1.732051
2 1    0.707000    1.632800   -0.577300	   -0.000227   -0.000103   -0.000482    1.870829
2 1    1.060500   -1.428700   -0.577300	    0.000024    0.000248   -0.000482    1.870829
2 1    1.767500   -0.204100   -0.577300	    0.000203    0.000145    0.000482    1.870829
2 1   -0.707000    1.632800   -0.577300	   -0.000227    0.000103    0.000482    1.870829
2 1   -1.060500   -1.428700   -0.577300	    0.000024   -0.000248    0.000482    1.870829
2 1   -1.767500   -0.204100   -0.577300	    0.000203   -0.000145   -0.000482    1.870829
2 1    1.767500    1.020500   -0.577300	   -0.000090    0.000155   -0.000000    2.121320
2 1   -0.000000   -2.041000   -0.577300	    0.000179   -0.000000   -0.000000    2.121320
2 1   -1.767500    1.020500   -0.577300	   -0.000090   -0.000155   -0.000000    2.121320
2 1    0.707000   -2.041000   -0.577300	   -0.000075   -0.000087   -0.000049    2.236068
2 1    1.414000    1.632800   -0.577300	    0.000113   -0.000021   -0.000049    2.236068
2 1    2.121000    0.408200   -0.577300	   -0.000038   -0.000108    0.000049    2.236068
2 1   -0.707000   -2.041000   -0.577300	   -0.000075    0.000087    0.000049    2.236068
2 1   -1.414000    1.632800   -0.577300	    0.000113    0.000021    0.000049    2.236068
2 1   -2.121000    0.408200   -0.577300	   -0.000038    0.000108   -0.000049    2.236068
2 1    0.353500    2.245100   -0.577300	   -0.000201   -0.000174    0.000044    2.345208
2 1    1.767500   -1.428700   -0.577300	   -0.000050    0.000261    0.000044    2.345208
2 1    2.121000   -0.816400   -0.577300	    0.000251    0.000087   -0.000044    2.345208
2 1   -0.353500    2.245100   -0.577300	   -0.000201    0.000174   -0.000044    2.345208
2 1   -1.767500   -1.428700   -0.577300	   -0.000050   -0.000261   -0.000044    2.345208
2 1   -2.121000   -0.816400   -0.577300	    0.000251   -0.000087    0.000044    2.345208
2 1    1.060500    2.245100   -0.577300	    0.000010    0.000138   -0.000036    2.549510
2 1    1.414000   -2.041000   -0.577300	    0.000114   -0.000077   -0.000036    2.549510
2 1    2.474500   -0.204100   -0.577300	   -0.000124    0.000060    0.000036    2.549510
2 1   -1.060500    2.245100   -0.577300	    0.000010   -0.000138    0.000036    2.549510
2 1   -1.414000   -2.041000   -0.577300	    0.000114    0.000077    0.000036    2.549510
2 1   -2.474500   -0.204100   -0.577300	   -0.000124   -0.000060   -0.000036    2.549510
2 1    0.353500   -2.653300   -0.577300	    0.000039    0.000055   -0.000027    2.738613
2 1    2.121000    1.632800   -0.577300	   -0.000067    0.000006   -0.000027    2.738613
2 1    2.474500    1.020500   -0.577300	    0.000029    0.000061    0.000027    2.738613
2 1   -0.353500   -2.653300   -0.577300	    0.000039   -0.000055    0.000027    2.738613
2 1   -2.121000    1.632800   -0.577300	   -0.000067   -0.000006    0.000027    2.738613
2 1   -2.474500    1.020500   -0.577300	    0.000029   -0.000061   -0.000027    2.738613
2 1    1.060500   -2.653300   -0.577300	   -0.000085   -0.000019   -0.000047    2.915476
2 1    1.767500    2.245100   -0.577300	    0.000059   -0.000064   -0.000047    2.915476
2 1    2.474500   -1.428700   -0.577300	    0.000008    0.000013   -0.000000    2.915476
2 1    2.828000    0.408200   -0.577300	    0.000026   -0.000083    0.000047    2.915476
2 1   -0.000000    2.857400   -0.577300	   -0.000015    0.000000   -0.000000    2.915476
2 1   -1.060500   -2.653300   -0.577300	   -0.000085    0.000019    0.000047    2.915476
2 1   -1.767500    2.245100   -0.577300	    0.000059    0.000064    0.000047    2.915476
2 1   -2.474500   -1.428700   -0.577300	    0.000008   -0.000013   -0.000000    2.915476
2 1   -2.828000    0.408200   -0.577300	    0.000026    0.000083   -0.000047    2.915476
2 1    0.707000    2.857400   -0.577300	    0.000037   -0.000047   -0.000028    3.000000
2 1    2.121000   -2.041000   -0.577300	   -0.000059   -0.000008   -0.000028    3.000000
2 1    2.828000   -0.816400   -0.577300	    0.000022   -0.000056    0.000028    3.000000
2 1   -0.707000    2.857400   -0.577300	    0.000037    0.000047    0.000028    3.000000
2 1   -2.121000   -2.041000   -0.577300	   -0.000059    0.000008    0.000028    3.000000
2 1   -2.828000   -0.816400   -0.577300	    0.000022    0.000056   -0.000028    3.000000
2 1    1.414000    2.857400   -0.577300	   -0.000059   -0.000003    0.000118    3.240370
2 1    1.767500   -2.653300   -0.577300	    0.000027    0.000053    0.000118    3.240370
2 1    3.181500   -0.204100   -0.577300	    0.000032    0.000050   -0.000118    3.240370
2 1   -1.414000    2.857400   -0.577300	   -0.000059    0.000003   -0.000118    3.240370
2 1   -1.767500   -2.653300   -0.577300	    0.000027   -0.000053   -0.000118    3.240370
2 1   -3.181500   -0.204100   -0.577300	    0.000032   -0.000050    0.000118    3.240370
2 1    2.828000    1.632800   -0.577300	   -0.000024    0.000041    0.000000    3.316625
2 1   -0.000000   -3.265600   -0.577300	    0.000047    0.000000    0.000000    3.316625
2 1   -2.828000    1.632800   -0.577300	   -0.000024   -0.000041    0.000000    3.316625
2 1    0.707000   -3.265600   -0.577300	   -0.000077   -0.000017   -0.000018    3.391165
2 1    2.474500    2.245100   -0.577300	    0.000054   -0.000058   -0.000018    3.391165
2 1    3.181500    1.020500   -0.577300	    0.000024   -0.000076    0.000018    3.391165
2 1   -0.707000   -3.265600   -0.577300	   -0.000077    0.000017    0.000018    3.391165
2 1   -2.474500    2.245100   -0.577300	    0.000054    0.000058    0.000018    3.391165
2 1   -3.181500    1.020500   -0.577300	    0.000024    0.000075   -0.000018    3.391165
2 1    0.353500    3.469700   -0.577300	   -0.000033   -0.000010   -0.000007    3.535534
2 1    2.828000   -2.041000   -0.577300	    0.000008    0.000034   -0.000007    3.535534
2 1    3.181500   -1.428700   -0.577300	    0.000025    0.000023    0.000007    3.535534
2 1   -0.353500    3.469700   -0.577300	   -0.000033    0.000010    0.000007    3.535534
2 1   -2.828000   -2.041000   -0.577300	    0.000008   -0.000034    0.000007    3.535534
2 1   -3.181500   -1.428700   -0.577300	    0.000025   -0.000023   -0.000007    3.535534
2 1    2.121000    2.857400   -0.577300	   -0.000027    0.000016   -0.000017    3.605551
2 1    3.535000    0.408200   -0.577300	   -0.000000    0.000031    0.000017    3.605551
2 1   -2.121000    2.857400   -0.577300	   -0.000027   -0.000016    0.000017    3.605551
2 1   -3.535000    0.408200   -0.577300	   -0.000000   -0.000031   -0.000017    3.605551
2 1    1.060500    3.469700   -0.577300	   -0.000029    0.000038   -0.000017    3.674235
2 1    3.535000   -0.816400   -0.577300	   -0.000018    0.000044    0.000017    3.674235
2 1   -1.060500    3.469700   -0.577300	   -0.000029   -0.000038    0.000017    3.674235
2 1   -3.535000   -0.816400   -0.577300	   -0.000018   -0.000044   -0.000017    3.674235
2 1    1.767500    3.469700   -0.577300	    0.000009   -0.000022   -0.000026    3.937004
2 1    3.181500    2.245100   -0.577300	   -0.000007    0.000012   -0.000021    3.937004
2 1    3.535000    1.632800   -0.577300	   -0.000007    0.000012    0.000021    3.937004
2 1   -1.767500    3.469700   -0.577300	    0.000009    0.000021    0.000026    3.937004
2 1   -3.181500    2.245100   -0.577300	   -0.000007   -0.000012    0.000021    3.937004
2 1   -3.535000    1.632800   -0.577300	   -0.000007   -0.000012   -0.000021    3.937004
2 1    2.828000    2.857400   -0.577300	    0.000020   -0.000023    0.000009    4.062019
2 1   -2.828000    2.857400   -0.577300	    0.000020    0.000023   -0.000009    4.062019
2 1   -0.000000    4.082000   -0.577300	   -0.000009    0.000000    0.000000    4.123106
2 1    0.707000    4.082000   -0.577300	    0.000011   -0.000010   -0.000016    4.183300
2 1   -0.707000    4.082000   -0.577300	    0.000011    0.000010    0.000016    4.183300
2 2    0.353500    0.612300    0.000000	   -0.035922    0.020739   -0.020148    0.707107
2 2    0.353500   -0.612300    0.000000	    0.035922    0.020740   -0.020148    0.707107
2 2    0.707000   -0.000000    0.000000	   -0.000001    0.041479    0.020148    0.707107
2 2   -0.353500    0.612300    0.000000	   -0.035922   -0.020740    0.020148    0.707107
2 2   -0.353500   -0.612300    0.000000	    0.035922   -0.020739    0.020148    0.707107
2 2   -0.707000    0.000000    0.000000	    0.000001   -0.041479   -0.020148    0.707107
2 2    0.000000   -1.224600    0.000000	   -0.012827   -0.000000   -0.000000    1.224745
2 2    1.060500    0.612300    0.000000	    0.006414   -0.011108   -0.000000    1.224745
2 2    1.060500   -0.612300    0.000000	   -0.006413   -0.011109    0.000000    1.224745
2 2   -0.000000    1.224600    0.000000	    0.012827    0.000000    0.000000    1.224745
2 2   -1.060500    0.612300    0.000000	    0.006413    0.011109   -0.000000    1.224745
2 2   -1.060500   -0.612300    0.000000	   -0.006414    0.011108    0.000000    1.224745
2 2    0.707000    1.224600    0.000000	    0.006832   -0.003945    0.000528    1.414214
2 2    0.707000   -1.224600    0.000000	   -0.006832   -0.003944    0.000528    1.414214
2 2    1.414000   -0.000000    0.000000	   -0.000000   -0.007889   -0.000528    1.414214
2 2   -0.707000    1.224600    0.000000	    0.006832    0.003944   -0.000528    1.414214
2 2   -0.707000   -1.224600    0.000000	   -0.006832    0.003945   -0.000528    1.414214
2 2   -1.414000    0.000000    0.000000	    0.000000    0.007889    0.000528    1.414214
2 2    0.353500    1.836900    0.000000	   -0.004393    0.002262   -0.000645    1.870829
2 2    0.353500   -1.836900    0.000000	    0.004393    0.002261   -0.000646    1.870829
2 2    1.414000    1.224600    0.000000	   -0.004155    0.002674   -0.000646    1.870829
2 2    1.414000   -1.224600    0.000000	    0.004155    0.002674   -0.000645    1.870829
2 2    1.767500    0.612300    0.000000	   -0.000238    0.004935    0.000645    1.870829
2 2    1.767500   -0.612300    0.000000	    0.000238    0.004935    0.000646    1.870829
2 2   -0.353500    1.836900    0.000000	   -0.004393   -0.002261    0.000646    1.870829
2 2   -0.353500   -1.836900    0.000000	    0.004393   -0.002262    0.000645    1.870829
2 2   -1.414000    1.224600    0.000000	   -0.004155   -0.002674    0.000645    1.870829
2 2   -1.414000   -1.224600    0.000000	    0.004155   -0.002674    0.000646    1.870829
2 2   -1.767500    0.612300    0.000000	   -0.000238   -0.004935   -0.000646    1.870829
2 2   -1.767500   -0.612300    0.000000	    0.000238   -0.004935   -0.000645    1.870829
2 2    1.060500    1.836900    0.000000	   -0.005433    0.003137    0.001254    2.121320
2 2    1.060500   -1.836900    0.000000	    0.005433    0.003137    0.001254    2.121320
2 2    2.121000    0.000000    0.000000	    0.000000    0.006273   -0.001254    2.121320
2 2   -1.060500    1.836900    0.000000	   -0.005433   -0.003137   -0.001254    2.121320
2 2   -1.060500   -1.836900    0.000000	    0.005433   -0.003137   -0.001254    2.121320
2 2   -2.121000   -0.000000    0.000000	   -0.000000   -0.006273    0.001254    2.121320
2 2    0.000000   -2.449200    0.000000	   -0.000622    0.000000    0.000000    2.449490
2 2    2.121000    1.224600    0.000000	    0.000311   -0.000538    0.000000    2.449490
2 2    2.121000   -1.224600    0.000000	   -0.000311   -0.000538   -0.000000    2.449490
2 2   -0.000000    2.449200    0.000000	    0.000622   -0.000000   -0.000000    2.449490
2 2   -2.121000    1.224600    0.000000	    0.000311    0.000538    0.000000    2.449490
2 2   -2.121000   -1.224600    0.000000	   -0.000311    0.000538   -0.000000    2.449490
2 2    0.707000    2.449200    0.000000	    0.000453   -0.000954    0.000583    2.549510
2 2    0.707000   -2.449200    0.000000	   -0.000453   -0.000954    0.000583    2.549510
2 2    1.767500    1.836900    0.000000	    0.001053    0.000085    0.000583    2.549510
2 2    1.767500   -1.836900    0.000000	   -0.001053    0.000085    0.000583    2.549510
2 2    2.474500    0.612300    0.000000	   -0.000600   -0.000869   -0.000583    2.549510
2 2    2.474500   -0.612300    0.000000	    0.000600   -0.000869   -0.000583    2.549510
2 2   -0.707000    2.449200    0.000000	    0.000453    0.000954   -0.000583    2.549510
2 2   -0.707000   -2.449200    0.000000	   -0.000453    0.000954   -0.000583    2.549510
2 2   -1.767500    1.836900    0.000000	    0.001053   -0.000085   -0.000583    2.549510
2 2   -1.767500   -1.836900    0.000000	   -0.001053   -0.000085   -0.000583    2.549510
2 2   -2.474500    0.612300    0.000000	   -0.000600    0.000869    0.000583    2.549510
2 2   -2.474500   -0.612300    0.000000	    0.000600    0.000869    0.000583    2.549510
2 2    1.414000    2.449200    0.000000	    0.000621   -0.000358   -0.000811    2.828427
2 2    1.414000   -2.449200    0.000000	   -0.000621   -0.000358   -0.000811    2.828427
2 2    2.828000    0.000000    0.000000	    0.000000   -0.000717    0.000811    2.828427
2 2   -1.414000    2.449200    0.000000	    0.000621    0.000358    0.000811    2.828427
2 2   -1.414000   -2.449200    0.000000	   -0.000621    0.000358    0.000811    2.828427
2 2   -2.828000   -0.000000    0.000000	   -0.000000    0.000717   -0.000811    2.828427
2 2    0.353500    3.061500    0.000000	   -0.000630    0.000093   -0.000189    3.082207
2 2    0.353500   -3.061500    0.000000	    0.000630    0.000093   -0.000190    3.082207
2 2    2.474500    1.836900    0.000000	   -0.000395    0.000499   -0.000190    3.082207
2 2    2.474500   -1.836900    0.000000	    0.000395    0.000499   -0.000189    3.082207
2 2    2.828000    1.224600    0.000000	   -0.000235    0.000592    0.000189    3.082207
2 2    2.828000   -1.224600    0.000000	    0.000235    0.000592    0.000190    3.082207
2 2   -0.353500    3.061500    0.000000	   -0.000630   -0.000093    0.000190    3.082207
2 2   -0.353500   -3.061500    0.000000	    0.000630   -0.000093    0.000189    3.082207
2 2   -2.474500    1.836900    0.000000	   -0.000395   -0.000499    0.000189    3.082207
2 2   -2.474500   -1.836900    0.000000	    0.000395   -0.000499    0.000190    3.082207
2 2   -2.828000    1.224600    0.000000	   -0.000235   -0.000592   -0.000190    3.082207
2 2   -2.828000   -1.224600    0.000000	    0.000235   -0.000592   -0.000189    3.082207
2 2    1.060500    3.061500    0.000000	   -0.000223    0.000005   -0.000151    3.240370
2 2    1.060500   -3.061500    0.000000	    0.000223    0.000005   -0.000151    3.240370
2 2    2.121000    2.449200    0.000000	   -0.000116    0.000191   -0.000151    3.240370
2 2    2.121000   -2.449200    0.000000	    0.000116    0.000191   -0.000151    3.240370
2 2    3.181500    0.612300    0.000000	   -0.000107    0.000196    0.000151    3.240370
2 2    3.181500   -0.612300    0.000000	    0.000107    0.000196    0.000151    3.240370
2 2   -1.060500    3.061500    0.000000	   -0.000223   -0.000005    0.000151    3.240370
2 2   -1.060500   -3.061500    0.000000	    0.000223   -0.000005    0.000151    3.240370
2 2   -2.121000    2.449200    0.000000	   -0.000116   -0.000191    0.000151    3.240370
2 2   -2.121000   -2.449200    0.000000	    0.000116   -0.000191    0.000151    3.240370
2 2   -3.181500    0.612300    0.000000	   -0.000107   -0.000196   -0.000151    3.240370
2 2   -3.181500   -0.612300    0.000000	    0.000107   -0.000196   -0.000151    3.240370
2 2    1.767500    3.061500    0.000000	   -0.000157    0.000090    0.000058    3.535534
2 2    1.767500   -3.061500    0.000000	    0.000157    0.000090    0.000058    3.535534
2 2    3.535000    0.000000    0.000000	    0.000000    0.000181   -0.000058    3.535534
2 2   -1.767500    3.061500    0.000000	   -0.000157   -0.000090   -0.000058    3.535534
2 2   -1.767500   -3.061500    0.000000	    0.000157   -0.000090   -0.000058    3.535534
2 2   -3.535000   -0.000000    0.000000	   -0.000000   -0.000181    0.000058    3.535534
2 2    0.000000    3.673800    0.000000	    0.000042    0.000000    0.000000    3.674235
2 2    3.181500    1.836900    0.000000	    0.000021   -0.000036   -0.000000    3.674235
2 2    3.181500   -1.836900    0.000000	   -0.000021   -0.000036    0.000000    3.674235
2 2   -0.000000   -3.673800    0.000000	   -0.000042   -0.000000   -0.000000    3.674235
2 2   -3.181500    1.836900    0.000000	    0.000021    0.000036   -0.000000    3.674235
2 2   -3.181500   -1.836900    0.000000	   -0.000021    0.000036    0.000000    3.674235
2 2    0.707000    3.673800    0.000000	   -0.000319    0.000051    0.000123    3.741657
2 2    0.707000   -3.673800    0.000000	    0.000319    0.000051    0.000122    3.741657
2 2    2.828000    2.449200    0.000000	   -0.000204    0.000250    0.000122    3.741657
2 2    2.828000   -2.449200    0.000000	    0.000204    0.000250    0.000123    3.741657
2 2    3.535000    1.224600    0.000000	   -0.000115    0.000302   -0.000123    3.741657
2 2    3.535000   -1.224600    0.000000	    0.000115    0.000302   -0.000122    3.741657
2 2   -0.707000    3.673800    0.000000	   -0.000319   -0.000051   -0.000122    3.741657
2 2   -0.707000   -3.673800    0.000000	    0.000319   -0.000051   -0.000123    3.741657
2 2   -2.828000    2.449200    0.000000	   -0.000204   -0.000250   -0.000123    3.741657
2 2   -2.828000   -2.449200    0.000000	    0.000204   -0.000251   -0.000122    3.741657
2 2   -3.535000    1.224600    0.000000	   -0.000115   -0.000302    0.000122    3.741657
2 2   -3.535000   -1.224600    0.000000	    0.000115   -0.000302    0.000123    3.741657
2 3    0.353500    0.204100    0.577300	    0.000020   -0.000035   -0.000000    0.707107
2 3   -0.353500    0.204100    0.577300	    0.000020    0.000035   -0.000000    0.707107
2 3    0.707000   -0.408200    0.577300	    0.000082    0.000141   -0.000000    1.000000
2 3   -0.000000    0.816400    0.577300	   -0.000163   -0.000000   -0.000000    1.000000
2 3   -0.707000   -0.408200    0.577300	    0.000082   -0.000141   -0.000000    1.000000
2 3    0.353500   -1.020500    0.577300	    0.000020    0.000039   -0.000017    1.224745
2 3    0.707000    0.816400    0.577300	   -0.000044   -0.000002   -0.000017    1.224745
2 3    1.060500    0.204100    0.577300	    0.000023    0.000037    0.000017    1.224745
2 3   -0.353500   -1.020500    0.577300	    0.000020   -0.000039    0.000017    1.224745
2 3   -0.707000    0.816400    0.577300	   -0.000044    0.000002    0.000017    1.224745
2 3   -1.060500    0.204100    0.577300	    0.000023   -0.000037   -0.000017    1.224745
2 3    0.353500    1.428700    0.577300	   -0.000029    0.000014    0.000018    1.581139
2 3    1.060500   -1.020500    0.577300	    0.000027    0.000018    0.000018    1.581139
2 3    1.414000   -0.408200    0.577300	    0.000002    0.000032   -0.000018    1.581139
2 3   -0.353500    1.428700    0.577300	   -0.000029   -0.000014   -0.000018    1.581139
2 3   -1.060500   -1.020500    0.577300	    0.000027   -0.000018   -0.000018    1.581139
2 3   -1.414000   -0.408200    0.577300	    0.000002   -0.000032    0.000018    1.581139
2 3    1.414000    0.816400    0.577300	    0.000002   -0.000002   -0.000000    1.732051
2 3   -0.000000   -1.632800    0.577300	   -0.000003   -0.000000   -0.000000    1.732051
2 3   -1.414000    0.816400    0.577300	    0.000001    0.000002   -0.000000    1.732051
2 3    0.707000   -1.632800    0.577300	   -0.000005   -0.000010   -0.000010    1.870829
2 3    1.060500    1.428700    0.577300	    0.000011    0.000001   -0.000010    1.870829
2 3    1.767500    0.204100    0.577300	   -0.000006   -0.000009    0.000010    1.870829
2 3   -0.707000   -1.632800    0.577300	   -0.000005    0.000010    0.000010    1.870829
2 3   -1.060500    1.428700    0.577300	    0.000011   -0.000001    0.000010    1.870829
2 3   -1.767500    0.204100    0.577300	   -0.000006    0.000009   -0.000010    1.870829
2 3    0.000000    2.041000    0.577300	   -0.000010   -0.000000   -0.000000    2.121320
2 3    1.767500   -1.020500    0.577300	    0.000005    0.000008   -0.000000    2.121320
2 3   -1.767500   -1.020500    0.577300	    0.000005   -0.000008   -0.000000    2.121320
2 3    0.707000    2.041000    0.577300	    0.000015   -0.000002    0.000007    2.236068
2 3    1.414000   -1.632800    0.577300	   -0.000009   -0.000012    0.000007    2.236068
2 3    2.121000   -0.408200    0.577300	   -0.000005   -0.000014   -0.000007    2.236068
2 3   -0.707000    2.041000    0.577300	    0.000015    0.000002   -0.000007    2.236068
2 3   -1.414000   -1.632800    0.577300	   -0.000009    0.000012   -0.000007    2.236068
2 3   -2.121000   -0.408200    0.577300	   -0.000005    0.000014    0.000007    2.236068
2 3    0.353500   -2.245100    0.577300	   -0.000001   -0.000011    0.000004    2.345208
2 3    1.767500    1.428700    0.577300	    0.000010    0.000005    0.000004    2.345208
2 3    2.121000    0.816400    0.577300	   -0.000009   -0.000006   -0.000004    2.345208
2 3   -0.353500   -2.245100    0.577300	   -0.000001    0.000011   -0.000004    2.345208
2 3   -1.767500    1.428700    0.577300	    0.000010   -0.000005   -0.000004    2.345208
2 3   -2.121000    0.816400    0.577300	   -0.000009    0.000006    0.000004    2.345208
2 3    1.060500   -2.245100    0.577300	   -0.000005    0.000000    0.000000    2.549510
2 3    1.414000    2.041000    0.577300	    0.000002   -0.000005    0.000000    2.549510
2 3    2.474500    0.204100    0.577300	    0.000003   -0.000004   -0.000000    2.549510
2 3   -1.060500   -2.245100    0.577300	   -0.000005   -0.000000   -0.000000    2.549510
2 3   -1.414000    2.041000    0.577300	    0.000002    0.000005   -0.000000    2.549510
2 3   -2.474500    0.204100    0.577300	    0.000003    0.000004    0.000000    2.549510
2 3    0.353500    2.653300    0.577300	    0.000002    0.000001    0.000001    2.738613
2 3    2.121000   -1.632800    0.577300	   -0.000000   -0.000002    0.000001    2.738613
2 3    2.474500   -1.020500    0.577300	   -0.000002   -0.000001   -0.000001    2.738613
2 3   -0.353500    2.653300    0.577300	    0.000002   -0.000001   -0.000001    2.738613
2 3   -2.121000   -1.632800    0.577300	   -0.000000    0.000002   -0.000001    2.738613
2 3   -2.474500   -1.020500    0.577300	   -0.000002    0.000001    0.000001    2.738613
2 3    0.000000   -2.857400    0.577300	   -0.000006    0.000000    0.000000    2.915476
2 3    1.060500    2.653300    0.577300	   -0.000002   -0.000004   -0.000004    2.915476
2 3    1.767500   -2.245100    0.577300	   -0.000002    0.000004   -0.000004    2.915476
2 3    2.474500    1.428700    0.577300	    0.000003   -0.000005    0.000000    2.915476
2 3    2.828000   -0.408200    0.577300	    0.000004   -0.000000    0.000004    2.915476
2 3   -1.060500    2.653300    0.577300	   -0.000002    0.000004    0.000004    2.915476
2 3   -1.767500   -2.245100    0.577300	   -0.000002   -0.000004    0.000004    2.915476
2 3   -2.474500    1.428700    0.577300	    0.000003    0.000005    0.000000    2.915476
2 3   -2.828000   -0.408200    0.577300	    0.000004    0.000000   -0.000004    2.915476
2 3    0.707000   -2.857400    0.577300	    0.000003    0.000003   -0.000001    3.000000
2 3    2.121000    2.041000    0.577300	   -0.000004    0.000001   -0.000001    3.000000
2 3    2.828000    0.816400    0.577300	    0.000001    0.000004    0.000001    3.000000
2 3   -0.707000   -2.857400    0.577300	    0.000003   -0.000003    0.000001    3.000000
2 3   -2.121000    2.041000    0.577300	   -0.000004   -0.000001    0.000001    3.000000
2 3   -2.828000    0.816400    0.577300	    0.000001   -0.000004   -0.000001    3.000000
2 3    1.414000   -2.857400    0.577300	    0.000001    0.000000    0.000000    3.240370
2 3    1.767500    2.653300    0.577300	   -0.000000    0.000000    0.000000    3.240370
2 3    3.181500    0.204100    0.577300	   -0.000000    0.000000   -0.000000    3.240370
2 3   -1.414000   -2.857400    0.577300	    0.000001    0.000000   -0.000000    3.240370
2 3   -1.767500    2.653300    0.577300	   -0.000000   -0.000001   -0.000000    3.240370
2 3   -3.181500    0.204100    0.577300	   -0.000000   -0.000001    0.000000    3.240370
2 3    0.000000    3.265600    0.577300	    0.000000    0.000000   -0.000000    3.316625
2 3    2.828000   -1.632800    0.577300	   -0.000000   -0.000000   -0.000000    3.316625
2 3   -2.828000   -1.632800    0.577300	   -0.000000    0.000000   -0.000000    3.316625
2 3    0.707000    3.265600    0.577300	    0.000002   -0.000003    0.000001    3.391165
2 3    2.474500   -2.245100    0.577300	   -0.000003   -0.000000    0.000001    3.391165
2 3    3.181500   -1.020500    0.577300	    0.000001   -0.000003   -0.000001    3.391165
2 3   -0.707000    3.265600    0.577300	    0.000002    0.000003   -0.000001    3.391165
2 3   -2.474500   -2.245100    0.577300	   -0.000003    0.000000   -0.000001    3.391165
2 3   -3.181500   -1.020500    0.577300	    0.000001    0.000003    0.000001    3.391165
2 3    0.353500   -3.469700    0.577300	   -0.000000   -0.000001   -0.000000    3.535534
2 3    2.828000    2.041000    0.577300	    0.000001    0.000001   -0.000000    3.535534
2 3    3.181500    1.428700    0.577300	   -0.000001   -0.000001    0.000000    3.535534
2 3   -0.353500   -3.469700    0.577300	   -0.000000    0.000001    0.000000    3.535534
2 3   -2.828000    2.041000    0.577300	    0.000001   -0.000001    0.000000    3.535534
2 3   -3.181500    1.428700    0.577300	   -0.000001    0.000001   -0.000000    3.535534
2 3    2.121000   -2.857400    0.577300	    0.000004    0.000002    0.000002    3.605551
2 3    3.535000   -0.408200    0.577300	   -0.000000    0.000004   -0.000002    3.605551
2 3   -2.121000   -2.857400    0.577300	    0.000004   -0.000002   -0.000002    3.605551
2 3   -3.535000   -0.408200    0.577300	   -0.000000   -0.000004    0.000002    3.605551
2 3    1.060500   -3.469700    0.577300	    0.000001    0.000003   -0.000001    3.674235
2 3    3.535000    0.816400    0.577300	    0.000002    0.000002    0.000001    3.674235
2 3   -1.060500   -3.469700    0.577300	    0.000001   -0.000003    0.000001    3.674235
2 3   -3.535000    0.816400    0.577300	    0.000002   -0.000002   -0.000001    3.674235
2 3    1.767500   -3.469700    0.577300	    0.000001    0.000001    0.000001    3.937004
2 3    3.181500   -2.245100    0.577300	   -0.000001   -0.000001   -0.000000    3.937004
2 3    3.535000   -1.632800    0.577300	   -0.000000   -0.000001    0.000000    3.937004
2 3   -1.767500   -3.469700    0.577300	    0.000001   -0.000000   -0.000001    3.937004
2 3   -3.181500   -2.245100    0.577300	   -0.000001    0.000001    0.000000    3.937004
2 3   -3.535000   -1.632800    0.577300	   -0.000000    0.000001   -0.000000    3.937004
2 3    2.828000   -2.857400    0.577300	    0.000000    0.000001   -0.000001    4.062019
2 3   -2.828000   -2.857400    0.577300	    0.000000   -0.000001    0.000001    4.062019
2 3    0.000000   -4.082000    0.577300	   -0.000000   -0.000000   -0.000000    4.123106
2 3    0.707000   -4.082000    0.577300	    0.000002    0.000001    0.000000    4.183300
2 3   -0.707000   -4.082000    0.577300	    0.000002   -0.000001   -0.000000    4.183300
3 1    0.353500    0.204100   -1.154600	    0.000000   -0.000000   -0.000000    1.224745
3 1   -0.000000   -0.408200   -1.154600	   -0.000001   -0.000000   -0.000000    1.224745
3 1   -0.353500    0.204100   -1.154600	    0.000000    0.000001   -0.000000    1.224745
3 1    0.707000   -0.408200   -1.154600	    0.000000    0.000001   -0.000000    1.414214
3 1   -0.707000   -0.408200   -1.154600	    0.000000   -0.000000   -0.000000    1.414214
3 1    0.353500   -1.020500   -1.154600	   -0.000001    0.000001   -0.000002    1.581139
3 1    0.707000    0.816400   -1.154600	   -0.000000   -0.000001   -0.000002    1.581139
3 1    1.060500    0.204100   -1.154600	    0.000001   -0.000000    0.000002    1.581139
3 1   -0.353500   -1.020500   -1.154600	   -0.000001   -0.000001    0.000002    1.581139
3 1   -0.707000    0.816400   -1.154600	   -0.000000    0.000001    0.000002    1.581139
3 1   -1.060500    0.204100   -1.154600	    0.000001    0.000000   -0.000002    1.581139
3 1    0.353500    1.428700   -1.154600	    0.000000   -0.000000   -0.000000    1.870829
3 1    1.060500   -1.020500   -1.154600	   -0.000000    0.000000   -0.000000    1.870829
3 1    1.414000   -0.408200   -1.154600	    0.000000   -0.000000    0.000000    1.870829
3 1   -0.353500    1.428700   -1.154600	   -0.000000    0.000000    0.000000    1.870829
3 1   -1.060500   -1.020500   -1.154600	   -0.000000   -0.000000    0.000000    1.870829
3 1   -1.414000   -0.408200   -1.154600	    0.000000    0.000000   -0.000000    1.870829
3 1    1.414000    0.816400   -1.154600	    0.000000   -0.000000    0.000000    2.000000
3 1   -0.000000   -1.632800   -1.154600	   -0.000000   -0.000000    0.000000    2.000000
3 1   -1.414000    0.816400   -1.154600	    0.000000    0.000000    0.000000    2.000000
3 1    0.707000   -1.632800   -1.154600	   -0.000000   -0.000001   -0.000001    2.121320
3 1    1.060500    1.428700   -1.154600	    0.000001    0.000000   -0.000001    2.121320
3 1    1.767500    0.204100   -1.154600	   -0.000001   -0.000000    0.000001    2.121320
3 1   -0.707000   -1.632800   -1.154600	   -0.000000    0.000001    0.000001    2.121320
3 1   -1.060500    1.428700   -1.154600	    0.000001   -0.000000    0.000001    2.121320
3 1   -1.767500    0.204100   -1.154600	   -0.000001    0.000000   -0.000001    2.121320
3 1    0.000000    2.041000   -1.154600	   -0.000000   -0.000000   -0.000000    2.345208
3 1    1.767500   -1.020500   -1.154600	    0.000000    0.000000   -0.000000    2.345208
3 1   -1.767500   -1.020500   -1.154600	    0.000000   -0.000000   -0.000000    2.345208
3 1    0.707000    2.041000   -1.154600	    0.000001   -0.000000   -0.000000    2.449490
3 1    1.414000   -1.632800   -1.154600	   -0.000000   -0.000000   -0.000000    2.449490
3 1    2.121000   -0.408200   -1.154600	    0.000000   -0.000001    0.000000    2.449490
3 1   -0.707000    2.041000   -1.154600	    0.000000    0.000000    0.000000    2.449490
3 1   -1.414000   -1.632800   -1.154600	   -0.000001    0.000000    0.000000    2.449490
3 1   -2.121000   -0.408200   -1.154600	   -0.000000    0.000001   -0.000000    2.449490
3 1    0.353500   -2.245100   -1.154600	   -0.000000    0.000000   -0.000000    2.549510
3 1    1.767500    1.428700   -1.154600	    0.000000   -0.000000   -0.000000    2.549510
3 1    2.121000    0.816400   -1.154600	    0.000000   -0.000000    0.000000    2.549510
3 1   -0.353500   -2.245100   -1.154600	   -0.000000   -0.000000    0.000000    2.549510
3 1   -1.767500    1.428700   -1.154600	   -0.000000    0.000000    0.000000    2.549510
3 1   -2.121000    0.816400   -1.154600	    0.000000    0.000000   -0.000000    2.549510
3 1    1.060500   -2.245100   -1.154600	    0.000000    0.000000    0.000000    2.738613
3 1    1.414000    2.041000   -1.154600	   -0.000000    0.000000    0.000000    2.738613
3 1    2.474500    0.204100   -1.154600	   -0.000000    0.000000   -0.000000    2.738613
3 1   -1.060500   -2.245100   -1.154600	    0.000000    0.000000   -0.000000    2.738613
3 1   -1.414000    2.041000   -1.154600	   -0.000000   -0.000000   -0.000000    2.738613
3 1   -2.474500    0.204100   -1.154600	   -0.000000   -0.000000    0.000000    2.738613
3 1    0.353500    2.653300   -1.154600	    0.000000    0.000000   -0.000000    2.915476
3 1    2.121000   -1.632800   -1.154600	    0.000000   -0.000000   -0.000000    2.915476
3 1    2.474500   -1.020500   -1.154600	   -0.000000   -0.000000    0.000000    2.915476
3 1   -0.353500    2.653300   -1.154600	    0.000000   -0.000000    0.000000    2.915476
3 1   -2.121000   -1.632800   -1.154600	   -0.000000    0.000000    0.000000    2.915476
3 1   -2.474500   -1.020500   -1.154600	   -0.000000    0.000000   -0.000000    2.915476
3 1    0.000000   -2.857400   -1.154600	    0.000000    0.000000   -0.000000    3.082207
3 1    1.060500    2.653300   -1.154600	   -0.000000    0.000000    0.000000    3.082207
3 1    1.767500   -2.245100   -1.154600	    0.000001    0.000000    0.000000    3.082207
3 1    2.474500    1.428700   -1.154600	   -0.000000    0.000000   -0.000000    3.082207
3 1    2.828000   -0.408200   -1.154600	   -0.000000    0.000000   -0.000000    3.082207
3 1   -1.060500    2.653300   -1.154600	   -0.000000   -0.000001   -0.000000    3.082207
3 1   -1.767500   -2.245100   -1.154600	    0.000001    0.000000   -0.000000    3.082207
3 1   -2.474500    1.428700   -1.154600	   -0.000000   -0.000000   -0.000000    3.082207
3 1   -2.828000   -0.408200   -1.154600	   -0.000000   -0.000001    0.000000    3.082207
3 1    0.707000   -2.857400   -1.154600	    0.000000   -0.000000   -0.000000    3.162278
3 1    2.121000    2.041000   -1.154600	   -0.000000    0.000000   -0.000000    3.162278
3 1    2.828000    0.816400   -1.154600	   -0.000000    0.000000    0.000000    3.162278
3 1   -0.707000   -2.857400   -1.154600	    0.000000    0.000000    0.000000    3.162278
3 1   -2.121000    2.041000   -1.154600	    0.000000   -0.000000    0.000000    3.162278
3 1   -2.828000    0.816400   -1.154600	   -0.000000   -0.000000   -0.000000    3.162278
3 1    1.767500    2.653300   -1.154600	    0.000000    0.000000    0.000000    3.391165
3 1    3.181500    0.204100   -1.154600	   -0.000000   -0.000000   -0.000000    3.391165
3 1   -1.767500    2.653300   -1.154600	    0.000000   -0.000000   -0.000000    3.391165
3 1   -3.181500    0.204100   -1.154600	   -0.000000    0.000000    0.000000    3.391165
3 1    0.000000    3.265600   -1.154600	    0.000000    0.000000    0.000000    3.464102
3 1    2.828000   -1.632800   -1.154600	   -0.000000   -0.000000    0.000000    3.464102
3 1   -2.828000   -1.632800   -1.154600	   -0.000000    0.000000    0.000000    3.464102
3 1    0.707000    3.265600   -1.154600	   -0.000000    0.000000   -0.000000    3.535534
3 1    3.181500   -1.020500   -1.154600	   -0.000000    0.000000    0.000000    3.535534
3 1   -0.707000    3.265600   -1.154600	   -0.000000   -0.000000    0.000000    3.535534
3 1   -3.181500   -1.020500   -1.154600	    0.000000   -0.000000   -0.000000    3.535534
3 1    2.828000    2.041000   -1.154600	   -0.000000   -0.000000   -0.000000    3.674235
3 1    3.181500    1.428700   -1.154600	    0.000000    0.000000    0.000000    3.674235
3 1   -2.828000    2.041000   -1.154600	   -0.000000    0.000000    0.000000    3.674235
3 1   -3.181500    1.428700   -1.154600	    0.000000   -0.000000   -0.000000    3.674235
3 1    1.414000    3.265600   -1.154600	   -0.000000    0.000000    0.000000    3.741657
3 1    3.535000   -0.408200   -1.154600	   -0.000000    0.000000   -0.000000    3.741657
3 1   -1.414000    3.265600   -1.154600	   -0.000000   -0.000000   -0.000000    3.741657
3 1   -3.535000   -0.408200   -1.154600	   -0.000000   -0.000000    0.000000    3.741657
3 1    2.474500    2.653300   -1.154600	   -0.000000    0.000000    0.000000    3.807887
3 1    3.535000    0.816400   -1.154600	   -0.000000    0.000000   -0.000000    3.807887
3 1   -2.474500    2.653300   -1.154600	   -0.000000   -0.000000   -0.000000    3.807887
3 1   -3.535000    0.816400   -1.154600	   -0.000000   -0.000000    0.000000    3.807887
3 1    0.353500    3.877900   -1.154600	   -0.000000    0.000000    0.000000    4.062019
3 1    2.121000    3.265600   -1.154600	   -0.000000    0.000000   -0.000000    4.062019
3 1   -0.353500    3.877900   -1.154600	   -0.000000   -0.000000   -0.000000    4.062019
3 1   -2.121000    3.265600   -1.154600	   -0.000000   -0.000000    0.000000    4.062019
3 1    1.060500    3.877900   -1.154600	   -0.000000    0.000000   -0.000000    4.183300
3 1   -1.060500    3.877900   -1.154600	   -0.000000   -0.000000    0.000000    4.183300
3 1    3.535000    2.041000   -1.154600	   -0.000000    0.000000   -0.000000    4.242641
3 1   -3.535000    2.041000   -1.154600	   -0.000000   -0.000000   -0.000000    4.242641
3 1    3.181500    2.653300   -1.154600	   -0.000000   -0.000000    0.000000    4.301163
3 1   -3.181500    2.653300   -1.154600	   -0.000000   -0.000000   -0.000000    4.301163
3 1    1.767500    3.877900   -1.154600	    0.000000   -0.000000   -0.000000    4.415880
3 1   -1.767500    3.877900   -1.154600	    0.000000    0.000000    0.000000    4.415880
3 1    2.828000    3.265600   -1.154600	    0.000000    0.000000   -0.000000    4.472136
3 1   -2.828000    3.265600   -1.154600	    0.000000   -0.000000    0.000000    4.472136
3 1   -0.000000    4.490200   -1.154600	    0.000000    0.000000    0.000000    4.636809
3 1    0.707000    4.490200   -1.154600	   -0.000000   -0.000000    0.000000    4.690416
3 1   -0.707000    4.490200   -1.154600	   -0.000000   -0.000000   -0.000000    4.690416
3 2    0.353500   -0.204100   -0.577300	   -0.000020   -0.000035    0.000000    0.707107
3 2   -0.353500   -0.204100   -0.577300	   -0.000020    0.000035    0.000000    0.707107
3 2    0.000000   -0.816400   -0.577300	    0.000163    0.000000    0.000000    1.000000
3 2    0.707000    0.408200   -0.577300	   -0.000082    0.000141    0.000000    1.000000
3 2   -0.707000    0.408200   -0.577300	   -0.000082   -0.000141    0.000000    1.000000
3 2    0.353500    1.020500   -0.577300	   -0.000020    0.000039   -0.000017    1.224745
3 2    0.707000   -0.816400   -0.577300	    0.000044   -0.000002   -0.000017    1.224745
3 2    1.060500   -0.204100   -0.577300	   -0.000023    0.000037    0.000017    1.224745
3 2   -0.353500    1.020500   -0.577300	   -0.000020   -0.000039    0.000017    1.224745
3 2   -0.707000   -0.816400   -0.577300	    0.000044    0.000002    0.000017    1.224745
3 2   -1.060500   -0.204100   -0.577300	   -0.000023   -0.000037   -0.000017    1.224745
3 2    0.353500   -1.428700   -0.577300	    0.000029    0.000014    0.000018    1.581139
3 2    1.060500    1.020500   -0.577300	   -0.000027    0.000018    0.000018    1.581139
3 2    1.414000    0.408200   -0.577300	   -0.000002    0.000032   -0.000018    1.581139
3 2   -0.353500   -1.428700   -0.577300	    0.000029   -0.000014   -0.000018    1.581139
3 2   -1.060500    1.020500   -0.577300	   -0.000027   -0.000018   -0.000018    1.581139
3 2   -1.414000    0.408200   -0.577300	   -0.000002   -0.000032    0.000018    1.581139
3 2    0.000000    1.632800   -0.577300	    0.000003    0.000000    0.000000    1.732051
3 2    1.414000   -0.816400   -0.577300	   -0.000001   -0.000002    0.000000    1.732051
3 2   -1.414000   -0.816400   -0.577300	   -0.000002    0.000002    0.000000    1.732051
3 2    0.707000    1.632800   -0.577300	    0.000005   -0.000010   -0.000010    1.870829
3 2    1.060500   -1.428700   -0.577300	   -0.000011    0.000001   -0.000010    1.870829
3 2    1.767500   -0.204100   -0.577300	    0.000006   -0.000009    0.000010    1.870829
3 2   -0.707000    1.632800   -0.577300	    0.000005    0.000010    0.000010    1.870829
3 2   -1.060500   -1.428700   -0.577300	   -0.000011   -0.000001    0.000010    1.870829
3 2   -1.767500   -0.204100   -0.577300	    0.000006    0.000009   -0.000010    1.870829
3 2    1.767500    1.020500   -0.577300	   -0.000005    0.000008    0.000000    2.121320
3 2   -0.000000   -2.041000   -0.577300	    0.000010    0.000000    0.000000    2.121320
3 2   -1.767500    1.020500   -0.577300	   -0.000005   -0.000008    0.000000    2.121320
3 2    0.707000   -2.041000   -0.577300	   -0.000015   -0.000002    0.000007    2.236068
3 2    1.414000    1.632800   -0.577300	    0.000009   -0.000012    0.000007    2.236068
3 2    2.121000    0.408200   -0.577300	    0.000005   -0.000014   -0.000007    2.236068
3 2   -0.707000   -2.041000   -0.577300	   -0.000015    0.000002   -0.000007    2.236068
3 2   -1.414000    1.632800   -0.577300	    0.000009    0.000012   -0.000007    2.236068
3 2   -2.121000    0.408200   -0.577300	    0.000005    0.000014    0.000007    2.236068
3 2    0.353500    2.245100   -0.577300	    0.000001   -0.000011    0.000004    2.345208
3 2    1.767500   -1.428700   -0.577300	   -0.000010    0.000005    0.000004    2.345208
3 2    2.121000   -0.816400   -0.577300	    0.000009   -0.000006   -0.000004    2.345208
3 2   -0.353500    2.245100   -0.577300	    0.000001    0.000011   -0.000004    2.345208
3 2   -1.767500   -1.428700   -0.577300	   -0.000010   -0.000005   -0.000004    2.345208
3 2   -2.121000   -0.816400   -0.577300	    0.000009    0.000006    0.000004    2.345208
3 2    1.060500    2.245100   -0.577300	    0.000005    0.000000    0.000000    2.549510
3 2    1.414000   -2.041000   -0.577300	   -0.000002   -0.000005    0.000000    2.549510
3 2    2.474500   -0.204100   -0.577300	   -0.000003   -0.000004   -0.000000    2.549510
3 2   -1.060500    2.245100   -0.577300	    0.000005   -0.000000   -0.000000    2.549510
3 2   -1.414000   -2.041000   -0.577300	   -0.000002    0.000005   -0.000000    2.549510
3 2   -2.474500   -0.204100   -0.577300	   -0.000003    0.000004    0.000000    2.549510
3 2    0.353500   -2.653300   -0.577300	   -0.000002    0.000001    0.000001    2.738613
3 2    2.121000    1.632800   -0.577300	    0.000000   -0.000002    0.000001    2.738613
3 2    2.474500    1.020500   -0.577300	    0.000002   -0.000001   -0.000001    2.738613
3 2   -0.353500   -2.653300   -0.577300	   -0.000002   -0.000001   -0.000001    2.738613
3 2   -2.121000    1.632800   -0.577300	    0.000000    0.000002   -0.000001    2.738613
3 2   -2.474500    1.020500   -0.577300	    0.000002    0.000001    0.000001    2.738613
3 2    1.060500   -2.653300   -0.577300	    0.000002   -0.000004   -0.000004    2.915476
3 2    1.767500    2.245100   -0.577300	    0.000002    0.000004   -0.000004    2.915476
3 2    2.474500   -1.428700   -0.577300	   -0.000003   -0.000005   -0.000000    2.915476
3 2    2.828000    0.408200   -0.577300	   -0.000004   -0.000000    0.000004    2.915476
3 2   -0.000000    2.857400   -0.577300	    0.000006   -0.000000   -0.000000    2.915476
3 2   -1.060500   -2.653300   -0.577300	    0.000002    0.000004    0.000004    2.915476
3 2   -1.767500    2.245100   -0.577300	    0.000002   -0.000004    0.000004    2.915476
3 2   -2.474500   -1.428700   -0.577300	   -0.000003    0.000005   -0.000000    2.915476
3 2   -2.828000    0.408200   -0.577300	   -0.000004    0.000000   -0.000004    2.915476
3 2    0.707000    2.857400   -0.577300	   -0.000003    0.000003   -0.000001    3.000000
3 2    2.121000   -2.041000   -0.577300	    0.000004    0.000001   -0.000001    3.000000
3 2    2.828000   -0.816400   -0.577300	   -0.000001    0.000004    0.000001    3.000000
3 2   -0.707000    2.857400   -0.577300	   -0.000003   -0.000003    0.000001    3.000000
3 2   -2.121000   -2.041000   -0.577300	    0.000004   -0.000001    0.000001    3.000000
3 2   -2.828000   -0.816400   -0.577300	   -0.000001   -0.000004   -0.000001    3.000000
3 2    1.414000    2.857400   -0.577300	   -0.000001   -0.000000    0.000000    3.240370
3 2    1.767500   -2.653300   -0.577300	    0.000000    0.000001    0.000000    3.240370
3 2    3.181500   -0.204100   -0.577300	    0.000000    0.000001   -0.000000    3.240370
3 2   -1.414000    2.857400   -0.577300	   -0.000001   -0.000000   -0.000000    3.240370
3 2   -1.767500   -2.653300   -0.577300	    0.000000   -0.000000   -0.000000    3.240370
3 2   -3.181500   -0.204100   -0.577300	    0.000000   -0.000000    0.000000    3.240370
3 2    2.828000    1.632800   -0.577300	    0.000000   -0.000000    0.000000    3.316625
3 2   -0.000000   -3.265600   -0.577300	   -0.000000   -0.000000    0.000000    3.316625
3 2   -2.828000    1.632800   -0.577300	    0.000000    0.000000    0.000000    3.316625
3 2    0.707000   -3.265600   -0.577300	   -0.000002   -0.000003    0.000001    3.391165
3 2    2.474500    2.245100   -0.577300	    0.000003   -0.000000    0.000001    3.391165
3 2    3.181500    1.020500   -0.577300	   -0.000001   -0.000003   -0.000001    3.391165
3 2   -0.707000   -3.265600   -0.577300	   -0.000002    0.000003   -0.000001    3.391165
3 2   -2.474500    2.245100   -0.577300	    0.000003    0.000000   -0.000001    3.391165
3 2   -3.181500    1.020500   -0.577300	   -0.000001    0.000003    0.000001    3.391165
3 2    0.353500    3.469700   -0.577300	    0.000000   -0.000001   -0.000000    3.535534
3 2    2.828000   -2.041000   -0.577300	   -0.000001    0.000001   -0.000000    3.535534
3 2    3.181500   -1.428700   -0.577300	    0.000001   -0.000001    0.000000    3.535534
3 2   -0.353500    3.469700   -0.577300	    0.000000    0.000001    0.000000    3.535534
3 2   -2.828000   -2.041000   -0.577300	   -0.000001   -0.000001    0.000000    3.535534
3 2   -3.181500   -1.428700   -0.577300	    0.000001    0.000001   -0.000000    3.535534
3 2    2.121000    2.857400   -0.577300	   -0.000004    0.000002    0.000002    3.605551
3 2    3.535000    0.408200   -0.577300	    0.000000    0.000004   -0.000002    3.605551
3 2   -2.121000    2.857400   -0.577300	   -0.000004   -0.000002   -0.000002    3.605551
3 2   -3.535000    0.408200   -0.577300	    0.000000   -0.000004    0.000002    3.605551
3 2    1.060500    3.469700   -0.577300	   -0.000001    0.000003   -0.000001    3.674235
3 2    3.535000   -0.816400   -0.577300	   -0.000002    0.000002    0.000001    3.674235
3 2   -1.060500    3.469700   -0.577300	   -0.000001   -0.000003    0.000001    3.674235
3 2   -3.535000   -0.816400   -0.577300	   -0.000002   -0.000002   -0.000001    3.674235
3 2    1.767500    3.469700   -0.577300	   -0.000001    0.000000    0.000001    3.937004
3 2    3.181500    2.245100   -0.577300	    0.000001   -0.000001   -0.000000    3.937004
3 2    3.535000    1.632800   -0.577300	    0.000000   -0.000001    0.000000    3.937004
3 2   -1.767500    3.469700   -0.577300	   -0.000001   -0.000001   -0.000001    3.937004
3 2   -3.181500    2.245100   -0.577300	    0.000001    0.000001    0.000000    3.937004
3 2   -3.535000    1.632800   -0.577300	    0.000000    0.000001   -0.000000    3.937004
3 2    2.828000    2.857400   -0.577300	   -0.000000    0.000001   -0.000001    4.062019
3 2   -2.828000    2.857400   -0.577300	   -0.000000   -0.000001    0.000001    4.062019
3 2   -0.000000    4.082000   -0.577300	    0.000000    0.000000    0.000000    4.123106
3 2    0.707000    4.082000   -0.577300	   -0.000002    0.000001    0.000000    4.183300
3 2   -0.707000    4.082000   -0.577300	   -0.000002   -0.000001   -0.000000    4.183300
3 3    0.353500    0.612300    0.000000	   -0.000002    0.000001    0.000000    0.707107
3 3    0.353500   -0.612300    0.000000	    0.000002    0.000001    0.000000    0.707107
3 3    0.707000   -0.000000    0.000000	   -0.000000    0.000002   -0.000000    0.707107
3 3   -0.353500    0.612300    0.000000	   -0.000002   -0.000001   -0.000000    0.707107
3 3   -0.353500   -0.612300    0.000000	    0.000002   -0.000001   -0.000000    0.707107
3 3   -0.707000    0.000000    0.000000	    0.000000   -0.000002    0.000000    0.707107
3 3    0.000000   -1.224600    0.000000	    0.000001    0.000000    0.000000    1.224745
3 3    1.060500    0.612300    0.000000	   -0.000001    0.000001    0.000000    1.224745
3 3    1.060500   -0.612300    0.000000	    0.000000    0.000001   -0.000000    1.224745
3 3   -0.000000    1.224600    0.000000	   -0.000001   -0.000000   -0.000000    1.224745
3 3   -1.060500    0.612300    0.000000	   -0.000000   -0.000001    0.000000    1.224745
3 3   -1.060500   -0.612300    0.000000	    0.000001   -0.000001   -0.000000    1.224745
3 3    0.707000    1.224600    0.000000	   -0.000000    0.000000    0.000000    1.414214
3 3    0.707000   -1.224600    0.000000	    0.000000    0.000000    0.000000    1.414214
3 3    1.414000   -0.000000    0.000000	   -0.000000    0.000000   -0.000000    1.414214
3 3   -0.707000    1.224600    0.000000	   -0.000000   -0.000000   -0.000000    1.414214
3 3   -0.707000   -1.224600    0.000000	    0.000000   -0.000000   -0.000000    1.414214
3 3   -1.414000    0.000000    0.000000	    0.000000   -0.000000    0.000000    1.414214
3 3    0.353500    1.836900    0.000000	   -0.000000    0.000000    0.000000    1.870829
3 3    0.353500   -1.836900    0.000000	    0.000000    0.000000    0.000000    1.870829
3 3    1.414000    1.224600    0.000000	   -0.000000    0.000000    0.000000    1.870829
3 3    1.414000   -1.224600    0.000000	    0.000000    0.000000    0.000000    1.870829
3 3    1.767500    0.612300    0.000000	   -0.000000    0.000000   -0.000000    1.870829
3 3    1.767500   -0.612300    0.000000	   -0.000000    0.000000   -0.000000    1.870829
3 3   -0.353500    1.836900    0.000000	   -0.000000   -0.000000   -0.000000    1.870829
3 3   -0.353500   -1.836900    0.000000	    0.000000   -0.000000   -0.000000    1.870829
3 3   -1.414000    1.224600    0.000000	   -0.000000   -0.000000   -0.000000    1.870829
3 3   -1.414000   -1.224600    0.000000	    0.000000   -0.000000   -0.000000    1.870829
3 3   -1.767500    0.612300    0.000000	    0.000000   -0.000000    0.000000    1.870829
3 3   -1.767500   -0.612300    0.000000	    0.000000   -0.000000    0.000000    1.870829
3 3    1.060500    1.836900    0.000000	    0.000000   -0.000000   -0.000000    2.121320
3 3    1.060500   -1.836900    0.000000	   -0.000000   -0.000000   -0.000000    2.121320
3 3    2.121000    0.000000    0.000000	    0.000000   -0.000000    0.000000    2.121320
3 3   -1.060500    1.836900    0.000000	    0.000000    0.000000    0.000000    2.121320
3 3   -1.060500   -1.836900    0.000000	   -0.000000    0.000000    0.000000    2.121320
3 3   -2.121000   -0.000000    0.000000	   -0.000000    0.000000   -0.000000    2.121320
3 3    0.000000   -2.449200    0.000000	    0.000000    0.000000    0.000000    2.449490
3 3    2.121000    1.224600    0.000000	   -0.000000    0.000000    0.000000    2.449490
3 3    2.121000   -1.224600    0.000000	    0.000000    0.000000   -0.000000    2.449490
3 3   -0.000000    2.449200    0.000000	   -0.000000   -0.000000   -0.000000    2.449490
3 3   -2.121000    1.224600    0.000000	   -0.000000   -0.000000    0.000000    2.449490
3 3   -2.121000   -1.224600    0.000000	    0.000000   -0.000000   -0.000000    2.449490
3 3    0.707000    2.449200    0.000000	    0.000000   -0.000000   -0.000000    2.549510
3 3    0.707000   -2.449200    0.000000	    0.000000   -0.000000   -0.000000    2.549510
3 3    1.767500    1.836900    0.000000	    0.000000    0.000000   -0.000000    2.549510
3 3    1.767500   -1.836900    0.000000	   -0.000000    0.000000   -0.000000    2.549510
3 3    2.474500    0.612300    0.000000	   -0.000000   -0.000000    0.000000    2.549510
3 3    2.474500   -0.612300    0.000000	    0.000000   -0.000000    0.000000    2.549510
3 3   -0.707000    2.449200    0.000000	   -0.000000    0.000000    0.000000    2.549510
3 3   -0.707000   -2.449200    0.000000	   -0.000000    0.000000    0.000000    2.549510
3 3   -1.767500    1.836900    0.000000	    0.000000   -0.000000    0.000000    2.549510
3 3   -1.767500   -1.836900    0.000000	   -0.000000   -0.000000    0.000000    2.549510
3 3   -2.474500    0.612300    0.000000	   -0.000000    0.000000   -0.000000    2.549510
3 3   -2.474500   -0.612300    0.000000	    0.000000    0.000000   -0.000000    2.549510
3 3    1.414000    2.449200    0.000000	    0.000000   -0.000000    0.000000    2.828427
3 3    1.414000   -2.449200    0.000000	   -0.000000   -0.000000    0.000000    2.828427
3 3    2.828000    0.000000    0.000000	    0.000000   -0.000000   -0.000000    2.828427
3 3   -1.414000    2.449200    0.000000	    0.000000    0.000000   -0.000000    2.828427
3 3   -1.414000   -2.449200    0.000000	   -0.000000    0.000000   -0.000000    2.828427
3 3   -2.828000   -0.000000    0.000000	   -0.000000    0.000000    0.000000    2.828427
3 3    0.353500    3.061500    0.000000	    0.000000   -0.000000   -0.000000    3.082207
3 3    0.353500   -3.061500    0.000000	   -0.000000   -0.000000   -0.000000    3.082207
3 3    2.474500    1.836900    0.000000	    0.000000   -0.000000   -0.000000    3.082207
3 3    2.474500   -1.836900    0.000000	   -0.000000   -0.000000   -0.000000    3.082207
3 3    2.828000    1.224600    0.000000	    0.000000   -0.000000    0.000000    3.082207
3 3    2.828000   -1.224600    0.000000	    0.000000   -0.000000    0.000000    3.082207
3 3   -0.353500    3.061500    0.000000	    0.000000    0.000000    0.000000    3.082207
3 3   -0.353500   -3.061500    0.000000	   -0.000000    0.000000    0.000000    3.082207
3 3   -2.474500    1.836900    0.000000	    0.000000    0.000000    0.000000    3.082207
3 3   -2.474500   -1.836900    0.000000	   -0.000000    0.000000    0.000000    3.082207
3 3   -2.828000    1.224600    0.000000	   -0.000000    0.000000   -0.000000    3.082207
3 3   -2.828000   -1.224600    0.000000	   -0.000000    0.000000   -0.000000    3.082207
3 3    1.060500    3.061500    0.000000	    0.000000    0.000000   -0.000000    3.240370
3 3    1.060500   -3.061500    0.000000	   -0.000000    0.000000   -0.000000    3.240370
3 3    2.121000    2.449200    0.000000	    0.000000   -0.000000   -0.000000    3.240370
3 3    2.121000   -2.449200    0.000000	    0.000000   -0.000000   -0.000000    3.240370
3 3    3.181500    0.612300    0.000000	    0.000000   -0.000000    0.000000    3.240370
3 3    3.181500   -0.612300    0.000000	   -0.000000   -0.000000    0.000000    3.240370
3 3   -1.060500    3.061500    0.000000	    0.000000   -0.000000    0.000000    3.240370
3 3   -1.060500   -3.061500    0.000000	   -0.000000   -0.000000    0.000000    3.240370
3 3   -2.121000    2.449200    0.000000	   -0.000000    0.000000    0.000000    3.240370
3 3   -2.121000   -2.449200    0.000000	   -0.000000    0.000000    0.000000    3.240370
3 3   -3.181500    0.612300    0.000000	    0.000000    0.000000   -0.000000    3.240370
3 3   -3.181500   -0.612300    0.000000	   -0.000000    0.000000   -0.000000    3.240370
3 3    1.767500    3.061500    0.000000	   -0.000000    0.000000   -0.000000    3.535534
3 3    1.767500   -3.061500    0.000000	    0.000000    0.000000   -0.000000    3.535534
3 3    3.535000    0.000000    0.000000	   -0.000000    0.000000    0.000000    3.535534
3 3   -1.767500    3.061500    0.000000	   -0.000000   -0.000000    0.000000    3.535534
3 3   -1.767500   -3.061500    0.000000	    0.000000   -0.000000    0.000000    3.535534
3 3   -3.535000   -0.000000    0.000000	    0.000000   -0.000000   -0.000000    3.535534
3 3    0.000000    3.673800    0.000000	    0.000000    0.000000   -0.000000    3.674235
3 3    3.181500    1.836900    0.000000	    0.000000   -0.000000    0.000000    3.674235
3 3    3.181500   -1.836900    0.000000	   -0.000000   -0.000000   -0.000000    3.674235
3 3   -0.000000   -3.673800    0.000000	   -0.000000   -0.000000    0.000000    3.674235
3 3   -3.181500    1.836900    0.000000	    0.000000    0.000000    0.000000    3.674235
3 3   -3.181500   -1.836900    0.000000	   -0.000000    0.000000    0.000000    3.674235
3 3    0.707000    3.673800    0.000000	    0.000000    0.000000    0.000000    3.741657
3 3    0.707000   -3.673800    0.000000	   -0.000000   -0.000000    0.000000    3.741657
3 3    2.828000    2.449200    0.000000	    0.000000   -0.000000    0.000000    3.741657
3 3    2.828000   -2.449200    0.000000	   -0.000000   -0.000000    0.000000    3.741657
3 3    3.535000    1.224600    0.000000	    0.000000   -0.000000   -0.000000    3.741657
3 3    3.535000   -1.224600    0.000000	   -0.000000   -0.000000   -0.000000    3.741657
3 3   -0.707000    3.673800    0.000000	    0.000000    0.000000   -0.000000    3.741657
3 3   -0.707000   -3.673800    0.000000	   -0.000000   -0.000000   -0.000000    3.741657
3 3   -2.828000    2.449200    0.000000	    0.000000    0.000000   -0.000000    3.741657
3 3   -2.828000   -2.449200    0.000000	   -0.000000    0.000000   -0.000000    3.741657
3 3   -3.535000    1.224600    0.000000	    0.000000    0.000000    0.000000    3.741657
3 3   -3.535000   -1.224600    0.000000	   -0.000000    0.000000    0.000000    3.741657
