1 1    0.353500    0.612300    0.000000	    0.015641    0.707107
1 1    0.353500   -0.612300    0.000000	    0.015641    0.707107
1 1    0.707000   -0.000000    0.000000	    0.015641    0.707107
1 1   -0.353500    0.612300    0.000000	    0.015641    0.707107
1 1   -0.353500   -0.612300    0.000000	    0.015641    0.707107
1 1   -0.707000    0.000000    0.000000	    0.015641    0.707107
1 1    0.000000   -1.224600    0.000000	    0.003293    1.224745
1 1    1.060500    0.612300    0.000000	    0.003293    1.224745
1 1    1.060500   -0.612300    0.000000	    0.003293    1.224745
1 1   -0.000000    1.224600    0.000000	    0.003293    1.224745
1 1   -1.060500    0.612300    0.000000	    0.003293    1.224745
1 1   -1.060500   -0.612300    0.000000	    0.003293    1.224745
1 1    0.707000    1.224600    0.000000	    0.000393    1.414214
1 1    0.707000   -1.224600    0.000000	    0.000393    1.414214
1 1    1.414000   -0.000000    0.000000	    0.000393    1.414214
1 1   -0.707000    1.224600    0.000000	    0.000393    1.414214
1 1   -0.707000   -1.224600    0.000000	    0.000393    1.414214
1 1   -1.414000    0.000000    0.000000	    0.000393    1.414214
1 1    0.353500    1.836900    0.000000	    0.000986    1.870829
1 1    0.353500   -1.836900    0.000000	    0.000986    1.870829
1 1    1.414000    1.224600    0.000000	    0.000986    1.870829
1 1    1.414000   -1.224600    0.000000	    0.000986    1.870829
1 1    1.767500    0.612300    0.000000	    0.000986    1.870829
1 1    1.767500   -0.612300    0.000000	    0.000986    1.870829
1 1   -0.353500    1.836900    0.000000	    0.000986    1.870829
1 1   -0.353500   -1.836900    0.000000	    0.000986    1.870829
1 1   -1.414000    1.224600    0.000000	    0.000986    1.870829
1 1   -1.414000   -1.224600    0.000000	    0.000986    1.870829
1 1   -1.767500    0.612300    0.000000	    0.000986    1.870829
1 1   -1.767500   -0.612300    0.000000	    0.000986    1.870829
1 1    1.060500    1.836900    0.000000	   -0.001120    2.121320
1 1    1.060500   -1.836900    0.000000	   -0.001120    2.121320
1 1    2.121000    0.000000    0.000000	   -0.001120    2.121320
1 1   -1.060500    1.836900    0.000000	   -0.001120    2.121320
1 1   -1.060500   -1.836900    0.000000	   -0.001120    2.121320
1 1   -2.121000   -0.000000    0.000000	   -0.001120    2.121320
1 1    0.000000   -2.449200    0.000000	    0.000370    2.449490
1 1    2.121000    1.224600    0.000000	    0.000370    2.449490
1 1    2.121000   -1.224600    0.000000	    0.000370    2.449490
1 1   -0.000000    2.449200    0.000000	    0.000370    2.449490
1 1   -2.121000    1.224600    0.000000	    0.000370    2.449490
1 1   -2.121000   -1.224600    0.000000	    0.000370    2.449490
1 1    0.707000    2.449200    0.000000	    0.000016    2.549510
1 1    0.707000   -2.449200    0.000000	    0.000016    2.549510
1 1    1.767500    1.836900    0.000000	    0.000016    2.549510
1 1    1.767500   -1.836900    0.000000	    0.000016    2.549510
1 1    2.474500    0.612300    0.000000	    0.000016    2.549510
1 1    2.474500   -0.612300    0.000000	    0.000016    2.549510
1 1   -0.707000    2.449200    0.000000	    0.000016    2.549510
1 1   -0.707000   -2.449200    0.000000	    0.000016    2.549510
1 1   -1.767500    1.836900    0.000000	    0.000016    2.549510
1 1   -1.767500   -1.836900    0.000000	    0.000016    2.549510
1 1   -2.474500    0.612300    0.000000	    0.000016    2.549510
1 1   -2.474500   -0.612300    0.000000	    0.000016    2.549510
1 1    1.414000    2.449200    0.000000	    0.000101    2.828427
1 1    1.414000   -2.449200    0.000000	    0.000101    2.828427
1 1    2.828000    0.000000    0.000000	    0.000101    2.828427
1 1   -1.414000    2.449200    0.000000	    0.000101    2.828427
1 1   -1.414000   -2.449200    0.000000	    0.000101    2.828427
1 1   -2.828000   -0.000000    0.000000	    0.000101    2.828427
1 1    0.353500    3.061500    0.000000	   -0.000015    3.082207
1 1    0.353500   -3.061500    0.000000	   -0.000015    3.082207
1 1    2.474500    1.836900    0.000000	   -0.000015    3.082207
1 1    2.474500   -1.836900    0.000000	   -0.000015    3.082207
1 1    2.828000    1.224600    0.000000	   -0.000015    3.082207
1 1    2.828000   -1.224600    0.000000	   -0.000015    3.082207
1 1   -0.353500    3.061500    0.000000	   -0.000015    3.082207
1 1   -0.353500   -3.061500    0.000000	   -0.000015    3.082207
1 1   -2.474500    1.836900    0.000000	   -0.000015    3.082207
1 1   -2.474500   -1.836900    0.000000	   -0.000015    3.082207
1 1   -2.828000    1.224600    0.000000	   -0.000015    3.082207
1 1   -2.828000   -1.224600    0.000000	   -0.000015    3.082207
1 1    1.060500    3.061500    0.000000	   -0.000322    3.240370
1 1    1.060500   -3.061500    0.000000	   -0.000322    3.240370
1 1    2.121000    2.449200    0.000000	   -0.000322    3.240370
1 1    2.121000   -2.449200    0.000000	   -0.000322    3.240370
1 1    3.181500    0.612300    0.000000	   -0.000322    3.240370
1 1    3.181500   -0.612300    0.000000	   -0.000322    3.240370
1 1   -1.060500    3.061500    0.000000	   -0.000322    3.240370
1 1   -1.060500   -3.061500    0.000000	   -0.000322    3.240370
1 1   -2.121000    2.449200    0.000000	   -0.000322    3.240370
1 1   -2.121000   -2.449200    0.000000	   -0.000322    3.240370
1 1   -3.181500    0.612300    0.000000	   -0.000322    3.240370
1 1   -3.181500   -0.612300    0.000000	   -0.000322    3.240370
1 1    1.767500    3.061500    0.000000	    0.000387    3.535534
1 1    1.767500   -3.061500    0.000000	    0.000387    3.535534
1 1    3.535000    0.000000    0.000000	    0.000387    3.535534
1 1   -1.767500    3.061500    0.000000	    0.000387    3.535534
1 1   -1.767500   -3.061500    0.000000	    0.000387    3.535534
1 1   -3.535000   -0.000000    0.000000	    0.000387    3.535534
1 1    0.000000    3.673800    0.000000	   -0.000097    3.674235
1 1    3.181500    1.836900    0.000000	   -0.000097    3.674235
1 1    3.181500   -1.836900    0.000000	   -0.000097    3.674235
1 1   -0.000000   -3.673800    0.000000	   -0.000097    3.674235
1 1   -3.181500    1.836900    0.000000	   -0.000097    3.674235
1 1   -3.181500   -1.836900    0.000000	   -0.000097    3.674235
1 1    0.707000    3.673800    0.000000	   -0.000090    3.741657
1 1    0.707000   -3.673800    0.000000	   -0.000090    3.741657
1 1    2.828000    2.449200    0.000000	   -0.000090    3.741657
1 1    2.828000   -2.449200    0.000000	   -0.000090    3.741657
1 1    3.535000    1.224600    0.000000	   -0.000090    3.741657
1 1    3.535000   -1.224600    0.000000	   -0.000090    3.741657
1 1   -0.707000    3.673800    0.000000	   -0.000090    3.741657
1 1   -0.707000   -3.673800    0.000000	   -0.000090    3.741657
1 1   -2.828000    2.449200    0.000000	   -0.000090    3.741657
1 1   -2.828000   -2.449200    0.000000	   -0.000090    3.741657
1 1   -3.535000    1.224600    0.000000	   -0.000090    3.741657
1 1   -3.535000   -1.224600    0.000000	   -0.000090    3.741657
1 2    0.353500    0.204100    0.577300	    0.165393    0.707107
1 2   -0.353500    0.204100    0.577300	    0.165393    0.707107
1 2    0.707000   -0.408200    0.577300	    0.005143    1.000000
1 2   -0.000000    0.816400    0.577300	    0.005143    1.000000
1 2   -0.707000   -0.408200    0.577300	    0.005143    1.000000
1 2    0.353500   -1.020500    0.577300	    0.011744    1.224745
1 2    0.707000    0.816400    0.577300	    0.011744    1.224745
1 2    1.060500    0.204100    0.577300	    0.011744    1.224745
1 2   -0.353500   -1.020500    0.577300	    0.011744    1.224745
1 2   -0.707000    0.816400    0.577300	    0.011744    1.224745
1 2   -1.060500    0.204100    0.577300	    0.011744    1.224745
1 2    0.353500    1.428700    0.577300	    0.001447    1.581139
1 2    1.060500   -1.020500    0.577300	    0.001447    1.581139
1 2    1.414000   -0.408200    0.577300	    0.001447    1.581139
1 2   -0.353500    1.428700    0.577300	    0.001447    1.581139
1 2   -1.060500   -1.020500    0.577300	    0.001447    1.581139
1 2   -1.414000   -0.408200    0.577300	    0.001447    1.581139
1 2    1.414000    0.816400    0.577300	    0.003908    1.732051
1 2   -0.000000   -1.632800    0.577300	    0.003908    1.732051
1 2   -1.414000    0.816400    0.577300	    0.003908    1.732051
1 2    0.707000   -1.632800    0.577300	    0.002102    1.870829
1 2    1.060500    1.428700    0.577300	    0.002102    1.870829
1 2    1.767500    0.204100    0.577300	    0.002102    1.870829
1 2   -0.707000   -1.632800    0.577300	    0.002102    1.870829
1 2   -1.060500    1.428700    0.577300	    0.002102    1.870829
1 2   -1.767500    0.204100    0.577300	    0.002102    1.870829
1 2    0.000000    2.041000    0.577300	    0.000087    2.121320
1 2    1.767500   -1.020500    0.577300	    0.000087    2.121320
1 2   -1.767500   -1.020500    0.577300	    0.000087    2.121320
1 2    0.707000    2.041000    0.577300	   -0.000263    2.236068
1 2    1.414000   -1.632800    0.577300	   -0.000263    2.236068
1 2    2.121000   -0.408200    0.577300	   -0.000263    2.236068
1 2   -0.707000    2.041000    0.577300	   -0.000263    2.236068
1 2   -1.414000   -1.632800    0.577300	   -0.000263    2.236068
1 2   -2.121000   -0.408200    0.577300	   -0.000263    2.236068
1 2    0.353500   -2.245100    0.577300	    0.001019    2.345208
1 2    1.767500    1.428700    0.577300	    0.001019    2.345208
1 2    2.121000    0.816400    0.577300	    0.001019    2.345208
1 2   -0.353500   -2.245100    0.577300	    0.001019    2.345208
1 2   -1.767500    1.428700    0.577300	    0.001019    2.345208
1 2   -2.121000    0.816400    0.577300	    0.001019    2.345208
1 2    1.060500   -2.245100    0.577300	   -0.000615    2.549510
1 2    1.414000    2.041000    0.577300	   -0.000615    2.549510
1 2    2.474500    0.204100    0.577300	   -0.000615    2.549510
1 2   -1.060500   -2.245100    0.577300	   -0.000615    2.549510
1 2   -1.414000    2.041000    0.577300	   -0.000615    2.549510
1 2   -2.474500    0.204100    0.577300	   -0.000615    2.549510
1 2    0.353500    2.653300    0.577300	   -0.000502    2.738613
1 2    2.121000   -1.632800    0.577300	   -0.000502    2.738613
1 2    2.474500   -1.020500    0.577300	   -0.000502    2.738613
1 2   -0.353500    2.653300    0.577300	   -0.000502    2.738613
1 2   -2.121000   -1.632800    0.577300	   -0.000502    2.738613
1 2   -2.474500   -1.020500    0.577300	   -0.000502    2.738613
1 2    0.000000   -2.857400    0.577300	    0.000059    2.915476
1 2    1.060500    2.653300    0.577300	    0.000694    2.915476
1 2    1.767500   -2.245100    0.577300	    0.000694    2.915476
1 2    2.474500    1.428700    0.577300	    0.000059    2.915476
1 2    2.828000   -0.408200    0.577300	    0.000694    2.915476
1 2   -1.060500    2.653300    0.577300	    0.000694    2.915476
1 2   -1.767500   -2.245100    0.577300	    0.000694    2.915476
1 2   -2.474500    1.428700    0.577300	    0.000059    2.915476
1 2   -2.828000   -0.408200    0.577300	    0.000694    2.915476
1 2    0.707000   -2.857400    0.577300	    0.000329    3.000000
1 2    2.121000    2.041000    0.577300	    0.000329    3.000000
1 2    2.828000    0.816400    0.577300	    0.000329    3.000000
1 2   -0.707000   -2.857400    0.577300	    0.000329    3.000000
1 2   -2.121000    2.041000    0.577300	    0.000329    3.000000
1 2   -2.828000    0.816400    0.577300	    0.000329    3.000000
1 2    1.414000   -2.857400    0.577300	   -0.000463    3.240370
1 2    1.767500    2.653300    0.577300	   -0.000463    3.240370
1 2    3.181500    0.204100    0.577300	   -0.000463    3.240370
1 2   -1.414000   -2.857400    0.577300	   -0.000463    3.240370
1 2   -1.767500    2.653300    0.577300	   -0.000463    3.240370
1 2   -3.181500    0.204100    0.577300	   -0.000463    3.240370
1 2    0.000000    3.265600    0.577300	   -0.000571    3.316625
1 2    2.828000   -1.632800    0.577300	   -0.000571    3.316625
1 2   -2.828000   -1.632800    0.577300	   -0.000571    3.316625
1 2    0.707000    3.265600    0.577300	   -0.000414    3.391165
1 2    2.474500   -2.245100    0.577300	   -0.000414    3.391165
1 2    3.181500   -1.020500    0.577300	   -0.000414    3.391165
1 2   -0.707000    3.265600    0.577300	   -0.000414    3.391165
1 2   -2.474500   -2.245100    0.577300	   -0.000414    3.391165
1 2   -3.181500   -1.020500    0.577300	   -0.000414    3.391165
1 2    0.353500   -3.469700    0.577300	   -0.000175    3.535534
1 2    2.828000    2.041000    0.577300	   -0.000175    3.535534
1 2    3.181500    1.428700    0.577300	   -0.000175    3.535534
1 2   -0.353500   -3.469700    0.577300	   -0.000175    3.535534
1 2   -2.828000    2.041000    0.577300	   -0.000175    3.535534
1 2   -3.181500    1.428700    0.577300	   -0.000175    3.535534
1 2    2.121000   -2.857400    0.577300	    0.000102    3.605551
1 2    3.535000   -0.408200    0.577300	    0.000102    3.605551
1 2   -2.121000   -2.857400    0.577300	    0.000102    3.605551
1 2   -3.535000   -0.408200    0.577300	    0.000102    3.605551
1 2    1.060500   -3.469700    0.577300	   -0.000171    3.674235
1 2    3.535000    0.816400    0.577300	   -0.000171    3.674235
1 2   -1.060500   -3.469700    0.577300	   -0.000171    3.674235
1 2   -3.535000    0.816400    0.577300	   -0.000171    3.674235
1 2    1.767500   -3.469700    0.577300	    0.000046    3.937004
1 2    3.181500   -2.245100    0.577300	   -0.000109    3.937004
1 2    3.535000   -1.632800    0.577300	   -0.000109    3.937004
1 2   -1.767500   -3.469700    0.577300	    0.000046    3.937004
1 2   -3.181500   -2.245100    0.577300	   -0.000109    3.937004
1 2   -3.535000   -1.632800    0.577300	   -0.000109    3.937004
1 2    2.828000   -2.857400    0.577300	    0.000051    4.062019
1 2   -2.828000   -2.857400    0.577300	    0.000051    4.062019
1 2    0.000000   -4.082000    0.577300	   -0.000075    4.123106
1 2    0.707000   -4.082000    0.577300	   -0.000040    4.183300
1 2   -0.707000   -4.082000    0.577300	   -0.000040    4.183300
1 3    0.000000    0.408200    1.154600	    0.000037    1.224745
1 3    0.353500   -0.204100    1.154600	    0.000037    1.224745
1 3   -0.353500   -0.204100    1.154600	    0.000037    1.224745
1 3    0.707000    0.408200    1.154600	    0.000052    1.414214
1 3   -0.707000    0.408200    1.154600	    0.000052    1.414214
1 3    0.353500    1.020500    1.154600	    0.000003    1.581139
1 3    0.707000   -0.816400    1.154600	    0.000003    1.581139
1 3    1.060500   -0.204100    1.154600	    0.000003    1.581139
1 3   -0.353500    1.020500    1.154600	    0.000003    1.581139
1 3   -0.707000   -0.816400    1.154600	    0.000003    1.581139
1 3   -1.060500   -0.204100    1.154600	    0.000003    1.581139
1 3    0.353500   -1.428700    1.154600	    0.000013    1.870829
1 3    1.060500    1.020500    1.154600	    0.000013    1.870829
1 3    1.414000    0.408200    1.154600	    0.000013    1.870829
1 3   -0.353500   -1.428700    1.154600	    0.000013    1.870829
1 3   -1.060500    1.020500    1.154600	    0.000013    1.870829
1 3   -1.414000    0.408200    1.154600	    0.000013    1.870829
1 3    0.000000    1.632800    1.154600	   -0.000001    2.000000
1 3    1.414000   -0.816400    1.154600	   -0.000001    2.000000
1 3   -1.414000   -0.816400    1.154600	   -0.000001    2.000000
1 3    0.707000    1.632800    1.154600	    0.000002    2.121320
1 3    1.060500   -1.428700    1.154600	    0.000002    2.121320
1 3    1.767500   -0.204100    1.154600	    0.000002    2.121320
1 3   -0.707000    1.632800    1.154600	    0.000002    2.121320
1 3   -1.060500   -1.428700    1.154600	    0.000002    2.121320
1 3   -1.767500   -0.204100    1.154600	    0.000002    2.121320
1 3    1.767500    1.020500    1.154600	   -0.000001    2.345208
1 3   -0.000000   -2.041000    1.154600	   -0.000001    2.345208
1 3   -1.767500    1.020500    1.154600	   -0.000001    2.345208
1 3    0.707000   -2.041000    1.154600	    0.000002    2.449490
1 3    1.414000    1.632800    1.154600	    0.000002    2.449490
1 3    2.121000    0.408200    1.154600	    0.000002    2.449490
1 3   -0.707000   -2.041000    1.154600	    0.000002    2.449490
1 3   -1.414000    1.632800    1.154600	    0.000002    2.449490
1 3   -2.121000    0.408200    1.154600	    0.000002    2.449490
1 3    0.353500    2.245100    1.154600	    0.000000    2.549510
1 3    1.767500   -1.428700    1.154600	    0.000000    2.549510
1 3    2.121000   -0.816400    1.154600	    0.000000    2.549510
1 3   -0.353500    2.245100    1.154600	    0.000000    2.549510
1 3   -1.767500   -1.428700    1.154600	    0.000000    2.549510
1 3   -2.121000   -0.816400    1.154600	    0.000000    2.549510
1 3    1.060500    2.245100    1.154600	   -0.000001    2.738613
1 3    1.414000   -2.041000    1.154600	   -0.000001    2.738613
1 3    2.474500   -0.204100    1.154600	   -0.000001    2.738613
1 3   -1.060500    2.245100    1.154600	   -0.000001    2.738613
1 3   -1.414000   -2.041000    1.154600	   -0.000001    2.738613
1 3   -2.474500   -0.204100    1.154600	   -0.000001    2.738613
1 3    0.353500   -2.653300    1.154600	    0.000001    2.915476
1 3    2.121000    1.632800    1.154600	    0.000001    2.915476
1 3    2.474500    1.020500    1.154600	    0.000001    2.915476
1 3   -0.353500   -2.653300    1.154600	    0.000001    2.915476
1 3   -2.121000    1.632800    1.154600	    0.000001    2.915476
1 3   -2.474500    1.020500    1.154600	    0.000001    2.915476
1 3    1.060500   -2.653300    1.154600	    0.000000    3.082207
1 3    1.767500    2.245100    1.154600	    0.000000    3.082207
1 3    2.474500   -1.428700    1.154600	   -0.000000    3.082207
1 3    2.828000    0.408200    1.154600	    0.000000    3.082207
1 3   -0.000000    2.857400    1.154600	   -0.000000    3.082207
1 3   -1.060500   -2.653300    1.154600	    0.000000    3.082207
1 3   -1.767500    2.245100    1.154600	    0.000000    3.082207
1 3   -2.474500   -1.428700    1.154600	   -0.000000    3.082207
1 3   -2.828000    0.408200    1.154600	    0.000000    3.082207
1 3    0.707000    2.857400    1.154600	    0.000000    3.162278
1 3    2.121000   -2.041000    1.154600	    0.000000    3.162278
1 3    2.828000   -0.816400    1.154600	    0.000000    3.162278
1 3   -0.707000    2.857400    1.154600	    0.000000    3.162278
1 3   -2.121000   -2.041000    1.154600	    0.000000    3.162278
1 3   -2.828000   -0.816400    1.154600	    0.000000    3.162278
1 3    1.767500   -2.653300    1.154600	   -0.000000    3.391165
1 3    3.181500   -0.204100    1.154600	   -0.000000    3.391165
1 3   -1.767500   -2.653300    1.154600	   -0.000000    3.391165
1 3   -3.181500   -0.204100    1.154600	   -0.000000    3.391165
1 3    2.828000    1.632800    1.154600	    0.000000    3.464102
1 3   -0.000000   -3.265600    1.154600	    0.000000    3.464102
1 3   -2.828000    1.632800    1.154600	    0.000000    3.464102
1 3    0.707000   -3.265600    1.154600	   -0.000000    3.535534
1 3    3.181500    1.020500    1.154600	   -0.000000    3.535534
1 3   -0.707000   -3.265600    1.154600	   -0.000000    3.535534
1 3   -3.181500    1.020500    1.154600	   -0.000000    3.535534
1 3    2.828000   -2.041000    1.154600	   -0.000000    3.674235
1 3    3.181500   -1.428700    1.154600	   -0.000000    3.674235
1 3   -2.828000   -2.041000    1.154600	   -0.000000    3.674235
1 3   -3.181500   -1.428700    1.154600	   -0.000000    3.674235
1 3    1.414000   -3.265600    1.154600	   -0.000000    3.741657
1 3    3.535000    0.408200    1.154600	   -0.000000    3.741657
1 3   -1.414000   -3.265600    1.154600	   -0.000000    3.741657
1 3   -3.535000    0.408200    1.154600	   -0.000000    3.741657
1 3    2.474500   -2.653300    1.154600	   -0.000000    3.807887
1 3    3.535000   -0.816400    1.154600	   -0.000000    3.807887
1 3   -2.474500   -2.653300    1.154600	   -0.000000    3.807887
1 3   -3.535000   -0.816400    1.154600	   -0.000000    3.807887
1 3    0.353500   -3.877900    1.154600	   -0.000000    4.062019
1 3    2.121000   -3.265600    1.154600	   -0.000000    4.062019
1 3   -0.353500   -3.877900    1.154600	   -0.000000    4.062019
1 3   -2.121000   -3.265600    1.154600	   -0.000000    4.062019
1 3    1.060500   -3.877900    1.154600	   -0.000000    4.183300
1 3   -1.060500   -3.877900    1.154600	   -0.000000    4.183300
1 3    3.535000   -2.041000    1.154600	   -0.000000    4.242641
1 3   -3.535000   -2.041000    1.154600	   -0.000000    4.242641
1 3    3.181500   -2.653300    1.154600	   -0.000000    4.301163
1 3   -3.181500   -2.653300    1.154600	   -0.000000    4.301163
1 3    1.767500   -3.877900    1.154600	   -0.000000    4.415880
1 3   -1.767500   -3.877900    1.154600	   -0.000000    4.415880
1 3    2.828000   -3.265600    1.154600	   -0.000000    4.472136
1 3   -2.828000   -3.265600    1.154600	   -0.000000    4.472136
1 3    0.000000   -4.490200    1.154600	   -0.000000    4.636809
1 3    0.707000   -4.490200    1.154600	   -0.000000    4.690416
1 3   -0.707000   -4.490200    1.154600	   -0.000000    4.690416
2 1    0.353500   -0.204100   -0.577300	    0.165393    0.707107
2 1   -0.353500   -0.204100   -0.577300	    0.165393    0.707107
2 1    0.000000   -0.816400   -0.577300	    0.005143    1.000000
2 1    0.707000    0.408200   -0.577300	    0.005143    1.000000
2 1   -0.707000    0.408200   -0.577300	    0.005143    1.000000
2 1    0.353500    1.020500   -0.577300	    0.011744    1.224745
2 1    0.707000   -0.816400   -0.577300	    0.011744    1.224745
2 1    1.060500   -0.204100   -0.577300	    0.011744    1.224745
2 1   -0.353500    1.020500   -0.577300	    0.011744    1.224745
2 1   -0.707000   -0.816400   -0.577300	    0.011744    1.224745
2 1   -1.060500   -0.204100   -0.577300	    0.011744    1.224745
2 1    0.353500   -1.428700   -0.577300	    0.001447    1.581139
2 1    1.060500    1.020500   -0.577300	    0.001447    1.581139
2 1    1.414000    0.408200   -0.577300	    0.001447    1.581139
2 1   -0.353500   -1.428700   -0.577300	    0.001447    1.581139
2 1   -1.060500    1.020500   -0.577300	    0.001447    1.581139
2 1   -1.414000    0.408200   -0.577300	    0.001447    1.581139
2 1    0.000000    1.632800   -0.577300	    0.003908    1.732051
2 1    1.414000   -0.816400   -0.577300	    0.003908    1.732051
2 1   -1.414000   -0.816400   -0.577300	    0.003908    1.732051
2 1    0.707000    1.632800   -0.577300	    0.002102    1.870829
2 1    1.060500   -1.428700   -0.577300	    0.002102    1.870829
2 1    1.767500   -0.204100   -0.577300	    0.002102    1.870829
2 1   -0.707000    1.632800   -0.577300	    0.002102    1.870829
2 1   -1.060500   -1.428700   -0.577300	    0.002102    1.870829
2 1   -1.767500   -0.204100   -0.577300	    0.002102    1.870829
2 1    1.767500    1.020500   -0.577300	    0.000087    2.121320
2 1   -0.000000   -2.041000   -0.577300	    0.000087    2.121320
2 1   -1.767500    1.020500   -0.577300	    0.000087    2.121320
2 1    0.707000   -2.041000   -0.577300	   -0.000263    2.236068
2 1    1.414000    1.632800   -0.577300	   -0.000263    2.236068
2 1    2.121000    0.408200   -0.577300	   -0.000263    2.236068
2 1   -0.707000   -2.041000   -0.577300	   -0.000263    2.236068
2 1   -1.414000    1.632800   -0.577300	   -0.000263    2.236068
2 1   -2.121000    0.408200   -0.577300	   -0.000263    2.236068
2 1    0.353500    2.245100   -0.577300	    0.001019    2.345208
2 1    1.767500   -1.428700   -0.577300	    0.001019    2.345208
2 1    2.121000   -0.816400   -0.577300	    0.001019    2.345208
2 1   -0.353500    2.245100   -0.577300	    0.001019    2.345208
2 1   -1.767500   -1.428700   -0.577300	    0.001019    2.345208
2 1   -2.121000   -0.816400   -0.577300	    0.001019    2.345208
2 1    1.060500    2.245100   -0.577300	   -0.000615    2.549510
2 1    1.414000   -2.041000   -0.577300	   -0.000615    2.549510
2 1    2.474500   -0.204100   -0.577300	   -0.000615    2.549510
2 1   -1.060500    2.245100   -0.577300	   -0.000615    2.549510
2 1   -1.414000   -2.041000   -0.577300	   -0.000615    2.549510
2 1   -2.474500   -0.204100   -0.577300	   -0.000615    2.549510
2 1    0.353500   -2.653300   -0.577300	   -0.000502    2.738613
2 1    2.121000    1.632800   -0.577300	   -0.000502    2.738613
2 1    2.474500    1.020500   -0.577300	   -0.000502    2.738613
2 1   -0.353500   -2.653300   -0.577300	   -0.000502    2.738613
2 1   -2.121000    1.632800   -0.577300	   -0.000502    2.738613
2 1   -2.474500    1.020500   -0.577300	   -0.000502    2.738613
2 1    1.060500   -2.653300   -0.577300	    0.000694    2.915476
2 1    1.767500    2.245100   -0.577300	    0.000694    2.915476
2 1    2.474500   -1.428700   -0.577300	    0.000059    2.915476
2 1    2.828000    0.408200   -0.577300	    0.000694    2.915476
2 1   -0.000000    2.857400   -0.577300	    0.000059    2.915476
2 1   -1.060500   -2.653300   -0.577300	    0.000694    2.915476
2 1   -1.767500    2.245100   -0.577300	    0.000694    2.915476
2 1   -2.474500   -1.428700   -0.577300	    0.000059    2.915476
2 1   -2.828000    0.408200   -0.577300	    0.000694    2.915476
2 1    0.707000    2.857400   -0.577300	    0.000329    3.000000
2 1    2.121000   -2.041000   -0.577300	    0.000329    3.000000
2 1    2.828000   -0.816400   -0.577300	    0.000329    3.000000
2 1   -0.707000    2.857400   -0.577300	    0.000329    3.000000
2 1   -2.121000   -2.041000   -0.577300	    0.000329    3.000000
2 1   -2.828000   -0.816400   -0.577300	    0.000329    3.000000
2 1    1.414000    2.857400   -0.577300	   -0.000463    3.240370
2 1    1.767500   -2.653300   -0.577300	   -0.000463    3.240370
2 1    3.181500   -0.204100   -0.577300	   -0.000463    3.240370
2 1   -1.414000    2.857400   -0.577300	   -0.000463    3.240370
2 1   -1.767500   -2.653300   -0.577300	   -0.000463    3.240370
2 1   -3.181500   -0.204100   -0.577300	   -0.000463    3.240370
2 1    2.828000    1.632800   -0.577300	   -0.000571    3.316625
2 1   -0.000000   -3.265600   -0.577300	   -0.000571    3.316625
2 1   -2.828000    1.632800   -0.577300	   -0.000571    3.316625
2 1    0.707000   -3.265600   -0.577300	   -0.000414    3.391165
2 1    2.474500    2.245100   -0.577300	   -0.000414    3.391165
2 1    3.181500    1.020500   -0.577300	   -0.000414    3.391165
2 1   -0.707000   -3.265600   -0.577300	   -0.000414    3.391165
2 1   -2.474500    2.245100   -0.577300	   -0.000414    3.391165
2 1   -3.181500    1.020500   -0.577300	   -0.000414    3.391165
2 1    0.353500    3.469700   -0.577300	   -0.000175    3.535534
2 1    2.828000   -2.041000   -0.577300	   -0.000175    3.535534
2 1    3.181500   -1.428700   -0.577300	   -0.000175    3.535534
2 1   -0.353500    3.469700   -0.577300	   -0.000175    3.535534
2 1   -2.828000   -2.041000   -0.577300	   -0.000175    3.535534
2 1   -3.181500   -1.428700   -0.577300	   -0.000175    3.535534
2 1    2.121000    2.857400   -0.577300	    0.000102    3.605551
2 1    3.535000    0.408200   -0.577300	    0.000102    3.605551
2 1   -2.121000    2.857400   -0.577300	    0.000102    3.605551
2 1   -3.535000    0.408200   -0.577300	    0.000102    3.605551
2 1    1.060500    3.469700   -0.577300	   -0.000171    3.674235
2 1    3.535000   -0.816400   -0.577300	   -0.000171    3.674235
2 1   -1.060500    3.469700   -0.577300	   -0.000171    3.674235
2 1   -3.535000   -0.816400   -0.577300	   -0.000171    3.674235
2 1    1.767500    3.469700   -0.577300	    0.000046    3.937004
2 1    3.181500    2.245100   -0.577300	   -0.000109    3.937004
2 1    3.535000    1.632800   -0.577300	   -0.000109    3.937004
2 1   -1.767500    3.469700   -0.577300	    0.000046    3.937004
2 1   -3.181500    2.245100   -0.577300	   -0.000109    3.937004
2 1   -3.535000    1.632800   -0.577300	   -0.000109    3.937004
2 1    2.828000    2.857400   -0.577300	    0.000051    4.062019
2 1   -2.828000    2.857400   -0.577300	    0.000051    4.062019
2 1   -0.000000    4.082000   -0.577300	   -0.000075    4.123106
2 1    0.707000    4.082000   -0.577300	   -0.000040    4.183300
2 1   -0.707000    4.082000   -0.577300	   -0.000040    4.183300
2 2    0.353500    0.612300    0.000000	    0.840529    0.707107
2 2    0.353500   -0.612300    0.000000	    0.840529    0.707107
2 2    0.707000   -0.000000    0.000000	    0.840529    0.707107
2 2   -0.353500    0.612300    0.000000	    0.840529    0.707107
2 2   -0.353500   -0.612300    0.000000	    0.840529    0.707107
2 2   -0.707000    0.000000    0.000000	    0.840529    0.707107
2 2    0.000000   -1.224600    0.000000	   -0.004344    1.224745
2 2    1.060500    0.612300    0.000000	   -0.004344    1.224745
2 2    1.060500   -0.612300    0.000000	   -0.004344    1.224745
2 2   -0.000000    1.224600    0.000000	   -0.004344    1.224745
2 2   -1.060500    0.612300    0.000000	   -0.004344    1.224745
2 2   -1.060500   -0.612300    0.000000	   -0.004344    1.224745
2 2    0.707000    1.224600    0.000000	   -0.155749    1.414214
2 2    0.707000   -1.224600    0.000000	   -0.155749    1.414214
2 2    1.414000   -0.000000    0.000000	   -0.155749    1.414214
2 2   -0.707000    1.224600    0.000000	   -0.155749    1.414214
2 2   -0.707000   -1.224600    0.000000	   -0.155749    1.414214
2 2   -1.414000    0.000000    0.000000	   -0.155749    1.414214
2 2    0.353500    1.836900    0.000000	   -0.020793    1.870829
2 2    0.353500   -1.836900    0.000000	   -0.020793    1.870829
2 2    1.414000    1.224600    0.000000	   -0.020793    1.870829
2 2    1.414000   -1.224600    0.000000	   -0.020793    1.870829
2 2    1.767500    0.612300    0.000000	   -0.020793    1.870829
2 2    1.767500   -0.612300    0.000000	   -0.020793    1.870829
2 2   -0.353500    1.836900    0.000000	   -0.020793    1.870829
2 2   -0.353500   -1.836900    0.000000	   -0.020793    1.870829
2 2   -1.414000    1.224600    0.000000	   -0.020793    1.870829
2 2   -1.414000   -1.224600    0.000000	   -0.020793    1.870829
2 2   -1.767500    0.612300    0.000000	   -0.020793    1.870829
2 2   -1.767500   -0.612300    0.000000	   -0.020793    1.870829
2 2    1.060500    1.836900    0.000000	   -0.015507    2.121320
2 2    1.060500   -1.836900    0.000000	   -0.015507    2.121320
2 2    2.121000    0.000000    0.000000	   -0.015507    2.121320
2 2   -1.060500    1.836900    0.000000	   -0.015507    2.121320
2 2   -1.060500   -1.836900    0.000000	   -0.015507    2.121320
2 2   -2.121000   -0.000000    0.000000	   -0.015507    2.121320
2 2    0.000000   -2.449200    0.000000	    0.013010    2.449490
2 2    2.121000    1.224600    0.000000	    0.013010    2.449490
2 2    2.121000   -1.224600    0.000000	    0.013010    2.449490
2 2   -0.000000    2.449200    0.000000	    0.013010    2.449490
2 2   -2.121000    1.224600    0.000000	    0.013010    2.449490
2 2   -2.121000   -1.224600    0.000000	    0.013010    2.449490
2 2    0.707000    2.449200    0.000000	   -0.002837    2.549510
2 2    0.707000   -2.449200    0.000000	   -0.002837    2.549510
2 2    1.767500    1.836900    0.000000	   -0.002837    2.549510
2 2    1.767500   -1.836900    0.000000	   -0.002837    2.549510
2 2    2.474500    0.612300    0.000000	   -0.002837    2.549510
2 2    2.474500   -0.612300    0.000000	   -0.002837    2.549510
2 2   -0.707000    2.449200    0.000000	   -0.002837    2.549510
2 2   -0.707000   -2.449200    0.000000	   -0.002837    2.549510
2 2   -1.767500    1.836900    0.000000	   -0.002837    2.549510
2 2   -1.767500   -1.836900    0.000000	   -0.002837    2.549510
2 2   -2.474500    0.612300    0.000000	   -0.002837    2.549510
2 2   -2.474500   -0.612300    0.000000	   -0.002837    2.549510
2 2    1.414000    2.449200    0.000000	    0.006733    2.828427
2 2    1.414000   -2.449200    0.000000	    0.006733    2.828427
2 2    2.828000    0.000000    0.000000	    0.006733    2.828427
2 2   -1.414000    2.449200    0.000000	    0.006733    2.828427
2 2   -1.414000   -2.449200    0.000000	    0.006733    2.828427
2 2   -2.828000   -0.000000    0.000000	    0.006733    2.828427
2 2    0.353500    3.061500    0.000000	   -0.000710    3.082207
2 2    0.353500   -3.061500    0.000000	   -0.000710    3.082207
2 2    2.474500    1.836900    0.000000	   -0.000710    3.082207
2 2    2.474500   -1.836900    0.000000	   -0.000710    3.082207
2 2    2.828000    1.224600    0.000000	   -0.000710    3.082207
2 2    2.828000   -1.224600    0.000000	   -0.000710    3.082207
2 2   -0.353500    3.061500    0.000000	   -0.000710    3.082207
2 2   -0.353500   -3.061500    0.000000	   -0.000710    3.082207
2 2   -2.474500    1.836900    0.000000	   -0.000710    3.082207
2 2   -2.474500   -1.836900    0.000000	   -0.000710    3.082207
2 2   -2.828000    1.224600    0.000000	   -0.000710    3.082207
2 2   -2.828000   -1.224600    0.000000	   -0.000710    3.082207
2 2    1.060500    3.061500    0.000000	    0.002351    3.240370
2 2    1.060500   -3.061500    0.000000	    0.002351    3.240370
2 2    2.121000    2.449200    0.000000	    0.002351    3.240370
2 2    2.121000   -2.449200    0.000000	    0.002351    3.240370
2 2    3.181500    0.612300    0.000000	    0.002351    3.240370
2 2    3.181500   -0.612300    0.000000	    0.002351    3.240370
2 2   -1.060500    3.061500    0.000000	    0.002351    3.240370
2 2   -1.060500   -3.061500    0.000000	    0.002351    3.240370
2 2   -2.121000    2.449200    0.000000	    0.002351    3.240370
2 2   -2.121000   -2.449200    0.000000	    0.002351    3.240370
2 2   -3.181500    0.612300    0.000000	    0.002351    3.240370
2 2   -3.181500   -0.612300    0.000000	    0.002351    3.240370
2 2    1.767500    3.061500    0.000000	    0.000703    3.535534
2 2    1.767500   -3.061500    0.000000	    0.000703    3.535534
2 2    3.535000    0.000000    0.000000	    0.000703    3.535534
2 2   -1.767500    3.061500    0.000000	    0.000703    3.535534
2 2   -1.767500   -3.061500    0.000000	    0.000703    3.535534
2 2   -3.535000   -0.000000    0.000000	    0.000703    3.535534
2 2    0.000000    3.673800    0.000000	    0.000691    3.674235
2 2    3.181500    1.836900    0.000000	    0.000691    3.674235
2 2    3.181500   -1.836900    0.000000	    0.000691    3.674235
2 2   -0.000000   -3.673800    0.000000	    0.000691    3.674235
2 2   -3.181500    1.836900    0.000000	    0.000691    3.674235
2 2   -3.181500   -1.836900    0.000000	    0.000691    3.674235
2 2    0.707000    3.673800    0.000000	   -0.001136    3.741657
2 2    0.707000   -3.673800    0.000000	   -0.001136    3.741657
2 2    2.828000    2.449200    0.000000	   -0.001136    3.741657
2 2    2.828000   -2.449200    0.000000	   -0.001136    3.741657
2 2    3.535000    1.224600    0.000000	   -0.001136    3.741657
2 2    3.535000   -1.224600    0.000000	   -0.001136    3.741657
2 2   -0.707000    3.673800    0.000000	   -0.001136    3.741657
2 2   -0.707000   -3.673800    0.000000	   -0.001136    3.741657
2 2   -2.828000    2.449200    0.000000	   -0.001136    3.741657
2 2   -2.828000   -2.449200    0.000000	   -0.001136    3.741657
2 2   -3.535000    1.224600    0.000000	   -0.001136    3.741657
2 2   -3.535000   -1.224600    0.000000	   -0.001136    3.741657
2 3    0.353500    0.204100    0.577300	    0.013966    0.707107
2 3   -0.353500    0.204100    0.577300	    0.013966    0.707107
2 3    0.707000   -0.408200    0.577300	   -0.001285    1.000000
2 3   -0.000000    0.816400    0.577300	   -0.001285    1.000000
2 3   -0.707000   -0.408200    0.577300	   -0.001285    1.000000
2 3    0.353500   -1.020500    0.577300	    0.000647    1.224745
2 3    0.707000    0.816400    0.577300	    0.000647    1.224745
2 3    1.060500    0.204100    0.577300	    0.000647    1.224745
2 3   -0.353500   -1.020500    0.577300	    0.000647    1.224745
2 3   -0.707000    0.816400    0.577300	    0.000647    1.224745
2 3   -1.060500    0.204100    0.577300	    0.000647    1.224745
2 3    0.353500    1.428700    0.577300	    0.000014    1.581139
2 3    1.060500   -1.020500    0.577300	    0.000014    1.581139
2 3    1.414000   -0.408200    0.577300	    0.000014    1.581139
2 3   -0.353500    1.428700    0.577300	    0.000014    1.581139
2 3   -1.060500   -1.020500    0.577300	    0.000014    1.581139
2 3   -1.414000   -0.408200    0.577300	    0.000014    1.581139
2 3    1.414000    0.816400    0.577300	    0.000030    1.732051
2 3   -0.000000   -1.632800    0.577300	    0.000030    1.732051
2 3   -1.414000    0.816400    0.577300	    0.000030    1.732051
2 3    0.707000   -1.632800    0.577300	   -0.000035    1.870829
2 3    1.060500    1.428700    0.577300	   -0.000035    1.870829
2 3    1.767500    0.204100    0.577300	   -0.000035    1.870829
2 3   -0.707000   -1.632800    0.577300	   -0.000035    1.870829
2 3   -1.060500    1.428700    0.577300	   -0.000035    1.870829
2 3   -1.767500    0.204100    0.577300	   -0.000035    1.870829
2 3    0.000000    2.041000    0.577300	    0.000015    2.121320
2 3    1.767500   -1.020500    0.577300	    0.000015    2.121320
2 3   -1.767500   -1.020500    0.577300	    0.000015    2.121320
2 3    0.707000    2.041000    0.577300	   -0.000033    2.236068
2 3    1.414000   -1.632800    0.577300	   -0.000033    2.236068
2 3    2.121000   -0.408200    0.577300	   -0.000033    2.236068
2 3   -0.707000    2.041000    0.577300	   -0.000033    2.236068
2 3   -1.414000   -1.632800    0.577300	   -0.000033    2.236068
2 3   -2.121000   -0.408200    0.577300	   -0.000033    2.236068
2 3    0.353500   -2.245100    0.577300	   -0.000010    2.345208
2 3    1.767500    1.428700    0.577300	   -0.000010    2.345208
2 3    2.121000    0.816400    0.577300	   -0.000010    2.345208
2 3   -0.353500   -2.245100    0.577300	   -0.000010    2.345208
2 3   -1.767500    1.428700    0.577300	   -0.000010    2.345208
2 3   -2.121000    0.816400    0.577300	   -0.000010    2.345208
2 3    1.060500   -2.245100    0.577300	   -0.000002    2.549510
2 3    1.414000    2.041000    0.577300	   -0.000002    2.549510
2 3    2.474500    0.204100    0.577300	   -0.000002    2.549510
2 3   -1.060500   -2.245100    0.577300	   -0.000002    2.549510
2 3   -1.414000    2.041000    0.577300	   -0.000002    2.549510
2 3   -2.474500    0.204100    0.577300	   -0.000002    2.549510
2 3    0.353500    2.653300    0.577300	   -0.000004    2.738613
2 3    2.121000   -1.632800    0.577300	   -0.000004    2.738613
2 3    2.474500   -1.020500    0.577300	   -0.000004    2.738613
2 3   -0.353500    2.653300    0.577300	   -0.000004    2.738613
2 3   -2.121000   -1.632800    0.577300	   -0.000004    2.738613
2 3   -2.474500   -1.020500    0.577300	   -0.000004    2.738613
2 3    0.000000   -2.857400    0.577300	    0.000010    2.915476
2 3    1.060500    2.653300    0.577300	   -0.000004    2.915476
2 3    1.767500   -2.245100    0.577300	   -0.000004    2.915476
2 3    2.474500    1.428700    0.577300	    0.000010    2.915476
2 3    2.828000   -0.408200    0.577300	   -0.000004    2.915476
2 3   -1.060500    2.653300    0.577300	   -0.000004    2.915476
2 3   -1.767500   -2.245100    0.577300	   -0.000004    2.915476
2 3   -2.474500    1.428700    0.577300	    0.000010    2.915476
2 3   -2.828000   -0.408200    0.577300	   -0.000004    2.915476
2 3    0.707000   -2.857400    0.577300	    0.000002    3.000000
2 3    2.121000    2.041000    0.577300	    0.000002    3.000000
2 3    2.828000    0.816400    0.577300	    0.000002    3.000000
2 3   -0.707000   -2.857400    0.577300	    0.000002    3.000000
2 3   -2.121000    2.041000    0.577300	    0.000002    3.000000
2 3   -2.828000    0.816400    0.577300	    0.000002    3.000000
2 3    1.414000   -2.857400    0.577300	    0.000006    3.240370
2 3    1.767500    2.653300    0.577300	    0.000006    3.240370
2 3    3.181500    0.204100    0.577300	    0.000006    3.240370
2 3   -1.414000   -2.857400    0.577300	    0.000006    3.240370
2 3   -1.767500    2.653300    0.577300	    0.000006    3.240370
2 3   -3.181500    0.204100    0.577300	    0.000006    3.240370
2 3    0.000000    3.265600    0.577300	   -0.000001    3.316625
2 3    2.828000   -1.632800    0.577300	   -0.000001    3.316625
2 3   -2.828000   -1.632800    0.577300	   -0.000001    3.316625
2 3    0.707000    3.265600    0.577300	   -0.000003    3.391165
2 3    2.474500   -2.245100    0.577300	   -0.000003    3.391165
2 3    3.181500   -1.020500    0.577300	   -0.000003    3.391165
2 3   -0.707000    3.265600    0.577300	   -0.000003    3.391165
2 3   -2.474500   -2.245100    0.577300	   -0.000003    3.391165
2 3   -3.181500   -1.020500    0.577300	   -0.000003    3.391165
2 3    0.353500   -3.469700    0.577300	   -0.000003    3.535534
2 3    2.828000    2.041000    0.577300	   -0.000003    3.535534
2 3    3.181500    1.428700    0.577300	   -0.000003    3.535534
2 3   -0.353500   -3.469700    0.577300	   -0.000003    3.535534
2 3   -2.828000    2.041000    0.577300	   -0.000003    3.535534
2 3   -3.181500    1.428700    0.577300	   -0.000003    3.535534
2 3    2.121000   -2.857400    0.577300	    0.000008    3.605551
2 3    3.535000   -0.408200    0.577300	    0.000008    3.605551
2 3   -2.121000   -2.857400    0.577300	    0.000008    3.605551
2 3   -3.535000   -0.408200    0.577300	    0.000008    3.605551
2 3    1.060500   -3.469700    0.577300	    0.000001    3.674235
2 3    3.535000    0.816400    0.577300	    0.000001    3.674235
2 3   -1.060500   -3.469700    0.577300	    0.000001    3.674235
2 3   -3.535000    0.816400    0.577300	    0.000001    3.674235
2 3    1.767500   -3.469700    0.577300	   -0.000001    3.937004
2 3    3.181500   -2.245100    0.577300	    0.000002    3.937004
2 3    3.535000   -1.632800    0.577300	    0.000002    3.937004
2 3   -1.767500   -3.469700    0.577300	   -0.000001    3.937004
2 3   -3.181500   -2.245100    0.577300	    0.000002    3.937004
2 3   -3.535000   -1.632800    0.577300	    0.000002    3.937004
2 3    2.828000   -2.857400    0.577300	   -0.000002    4.062019
2 3   -2.828000   -2.857400    0.577300	   -0.000002    4.062019
2 3    0.000000   -4.082000    0.577300	    0.000001    4.123106
2 3    0.707000   -4.082000    0.577300	   -0.000002    4.183300
2 3   -0.707000   -4.082000    0.577300	   -0.000002    4.183300
3 1    0.353500    0.204100   -1.154600	    0.000037    1.224745
3 1   -0.000000   -0.408200   -1.154600	    0.000037    1.224745
3 1   -0.353500    0.204100   -1.154600	    0.000037    1.224745
3 1    0.707000   -0.408200   -1.154600	    0.000052    1.414214
3 1   -0.707000   -0.408200   -1.154600	    0.000052    1.414214
3 1    0.353500   -1.020500   -1.154600	    0.000003    1.581139
3 1    0.707000    0.816400   -1.154600	    0.000003    1.581139
3 1    1.060500    0.204100   -1.154600	    0.000003    1.581139
3 1   -0.353500   -1.020500   -1.154600	    0.000003    1.581139
3 1   -0.707000    0.816400   -1.154600	    0.000003    1.581139
3 1   -1.060500    0.204100   -1.154600	    0.000003    1.581139
3 1    0.353500    1.428700   -1.154600	    0.000013    1.870829
3 1    1.060500   -1.020500   -1.154600	    0.000013    1.870829
3 1    1.414000   -0.408200   -1.154600	    0.000013    1.870829
3 1   -0.353500    1.428700   -1.154600	    0.000013    1.870829
3 1   -1.060500   -1.020500   -1.154600	    0.000013    1.870829
3 1   -1.414000   -0.408200   -1.154600	    0.000013    1.870829
3 1    1.414000    0.816400   -1.154600	   -0.000001    2.000000
3 1   -0.000000   -1.632800   -1.154600	   -0.000001    2.000000
3 1   -1.414000    0.816400   -1.154600	   -0.000001    2.000000
3 1    0.707000   -1.632800   -1.154600	    0.000002    2.121320
3 1    1.060500    1.428700   -1.154600	    0.000002    2.121320
3 1    1.767500    0.204100   -1.154600	    0.000002    2.121320
3 1   -0.707000   -1.632800   -1.154600	    0.000002    2.121320
3 1   -1.060500    1.428700   -1.154600	    0.000002    2.121320
3 1   -1.767500    0.204100   -1.154600	    0.000002    2.121320
3 1    0.000000    2.041000   -1.154600	   -0.000001    2.345208
3 1    1.767500   -1.020500   -1.154600	   -0.000001    2.345208
3 1   -1.767500   -1.020500   -1.154600	   -0.000001    2.345208
3 1    0.707000    2.041000   -1.154600	    0.000002    2.449490
3 1    1.414000   -1.632800   -1.154600	    0.000002    2.449490
3 1    2.121000   -0.408200   -1.154600	    0.000002    2.449490
3 1   -0.707000    2.041000   -1.154600	    0.000002    2.449490
3 1   -1.414000   -1.632800   -1.154600	    0.000002    2.449490
3 1   -2.121000   -0.408200   -1.154600	    0.000002    2.449490
3 1    0.353500   -2.245100   -1.154600	    0.000000    2.549510
3 1    1.767500    1.428700   -1.154600	    0.000000    2.549510
3 1    2.121000    0.816400   -1.154600	    0.000000    2.549510
3 1   -0.353500   -2.245100   -1.154600	    0.000000    2.549510
3 1   -1.767500    1.428700   -1.154600	    0.000000    2.549510
3 1   -2.121000    0.816400   -1.154600	    0.000000    2.549510
3 1    1.060500   -2.245100   -1.154600	   -0.000001    2.738613
3 1    1.414000    2.041000   -1.154600	   -0.000001    2.738613
3 1    2.474500    0.204100   -1.154600	   -0.000001    2.738613
3 1   -1.060500   -2.245100   -1.154600	   -0.000001    2.738613
3 1   -1.414000    2.041000   -1.154600	   -0.000001    2.738613
3 1   -2.474500    0.204100   -1.154600	   -0.000001    2.738613
3 1    0.353500    2.653300   -1.154600	    0.000001    2.915476
3 1    2.121000   -1.632800   -1.154600	    0.000001    2.915476
3 1    2.474500   -1.020500   -1.154600	    0.000001    2.915476
3 1   -0.353500    2.653300   -1.154600	    0.000001    2.915476
3 1   -2.121000   -1.632800   -1.154600	    0.000001    2.915476
3 1   -2.474500   -1.020500   -1.154600	    0.000001    2.915476
3 1    0.000000   -2.857400   -1.154600	   -0.000000    3.082207
3 1    1.060500    2.653300   -1.154600	    0.000000    3.082207
3 1    1.767500   -2.245100   -1.154600	    0.000000    3.082207
3 1    2.474500    1.428700   -1.154600	   -0.000000    3.082207
3 1    2.828000   -0.408200   -1.154600	    0.000000    3.082207
3 1   -1.060500    2.653300   -1.154600	    0.000000    3.082207
3 1   -1.767500   -2.245100   -1.154600	    0.000000    3.082207
3 1   -2.474500    1.428700   -1.154600	   -0.000000    3.082207
3 1   -2.828000   -0.408200   -1.154600	    0.000000    3.082207
3 1    0.707000   -2.857400   -1.154600	    0.000000    3.162278
3 1    2.121000    2.041000   -1.154600	    0.000000    3.162278
3 1    2.828000    0.816400   -1.154600	    0.000000    3.162278
3 1   -0.707000   -2.857400   -1.154600	    0.000000    3.162278
3 1   -2.121000    2.041000   -1.154600	    0.000000    3.162278
3 1   -2.828000    0.816400   -1.154600	    0.000000    3.162278
3 1    1.767500    2.653300   -1.154600	   -0.000000    3.391165
3 1    3.181500    0.204100   -1.154600	   -0.000000    3.391165
3 1   -1.767500    2.653300   -1.154600	   -0.000000    3.391165
3 1   -3.181500    0.204100   -1.154600	   -0.000000    3.391165
3 1    0.000000    3.265600   -1.154600	    0.000000    3.464102
3 1    2.828000   -1.632800   -1.154600	    0.000000    3.464102
3 1   -2.828000   -1.632800   -1.154600	    0.000000    3.464102
3 1    0.707000    3.265600   -1.154600	   -0.000000    3.535534
3 1    3.181500   -1.020500   -1.154600	   -0.000000    3.535534
3 1   -0.707000    3.265600   -1.154600	   -0.000000    3.535534
3 1   -3.181500   -1.020500   -1.154600	   -0.000000    3.535534
3 1    2.828000    2.041000   -1.154600	   -0.000000    3.674235
3 1    3.181500    1.428700   -1.154600	   -0.000000    3.674235
3 1   -2.828000    2.041000   -1.154600	   -0.000000    3.674235
3 1   -3.181500    1.428700   -1.154600	   -0.000000    3.674235
3 1    1.414000    3.265600   -1.154600	   -0.000000    3.741657
3 1    3.535000   -0.408200   -1.154600	   -0.000000    3.741657
3 1   -1.414000    3.265600   -1.154600	   -0.000000    3.741657
3 1   -3.535000   -0.408200   -1.154600	   -0.000000    3.741657
3 1    2.474500    2.653300   -1.154600	   -0.000000    3.807887
3 1    3.535000    0.816400   -1.154600	   -0.000000    3.807887
3 1   -2.474500    2.653300   -1.154600	   -0.000000    3.807887
3 1   -3.535000    0.816400   -1.154600	   -0.000000    3.807887
3 1    0.353500    3.877900   -1.154600	   -0.000000    4.062019
3 1    2.121000    3.265600   -1.154600	   -0.000000    4.062019
3 1   -0.353500    3.877900   -1.154600	   -0.000000    4.062019
3 1   -2.121000    3.265600   -1.154600	   -0.000000    4.062019
3 1    1.060500    3.877900   -1.154600	   -0.000000    4.183300
3 1   -1.060500    3.877900   -1.154600	   -0.000000    4.183300
3 1    3.535000    2.041000   -1.154600	   -0.000000    4.242641
3 1   -3.535000    2.041000   -1.154600	   -0.000000    4.242641
3 1    3.181500    2.653300   -1.154600	   -0.000000    4.301163
3 1   -3.181500    2.653300   -1.154600	   -0.000000    4.301163
3 1    1.767500    3.877900   -1.154600	   -0.000000    4.415880
3 1   -1.767500    3.877900   -1.154600	   -0.000000    4.415880
3 1    2.828000    3.265600   -1.154600	   -0.000000    4.472136
3 1   -2.828000    3.265600   -1.154600	   -0.000000    4.472136
3 1   -0.000000    4.490200   -1.154600	   -0.000000    4.636809
3 1    0.707000    4.490200   -1.154600	   -0.000000    4.690416
3 1   -0.707000    4.490200   -1.154600	   -0.000000    4.690416
3 2    0.353500   -0.204100   -0.577300	    0.013966    0.707107
3 2   -0.353500   -0.204100   -0.577300	    0.013966    0.707107
3 2    0.000000   -0.816400   -0.577300	   -0.001285    1.000000
3 2    0.707000    0.408200   -0.577300	   -0.001285    1.000000
3 2   -0.707000    0.408200   -0.577300	   -0.001285    1.000000
3 2    0.353500    1.020500   -0.577300	    0.000647    1.224745
3 2    0.707000   -0.816400   -0.577300	    0.000647    1.224745
3 2    1.060500   -0.204100   -0.577300	    0.000647    1.224745
3 2   -0.353500    1.020500   -0.577300	    0.000647    1.224745
3 2   -0.707000   -0.816400   -0.577300	    0.000647    1.224745
3 2   -1.060500   -0.204100   -0.577300	    0.000647    1.224745
3 2    0.353500   -1.428700   -0.577300	    0.000014    1.581139
3 2    1.060500    1.020500   -0.577300	    0.000014    1.581139
3 2    1.414000    0.408200   -0.577300	    0.000014    1.581139
3 2   -0.353500   -1.428700   -0.577300	    0.000014    1.581139
3 2   -1.060500    1.020500   -0.577300	    0.000014    1.581139
3 2   -1.414000    0.408200   -0.577300	    0.000014    1.581139
3 2    0.000000    1.632800   -0.577300	    0.000030    1.732051
3 2    1.414000   -0.816400   -0.577300	    0.000030    1.732051
3 2   -1.414000   -0.816400   -0.577300	    0.000030    1.732051
3 2    0.707000    1.632800   -0.577300	   -0.000035    1.870829
3 2    1.060500   -1.428700   -0.577300	   -0.000035    1.870829
3 2    1.767500   -0.204100   -0.577300	   -0.000035    1.870829
3 2   -0.707000    1.632800   -0.577300	   -0.000035    1.870829
3 2   -1.060500   -1.428700   -0.577300	   -0.000035    1.870829
3 2   -1.767500   -0.204100   -0.577300	   -0.000035    1.870829
3 2    1.767500    1.020500   -0.577300	    0.000015    2.121320
3 2   -0.000000   -2.041000   -0.577300	    0.000015    2.121320
3 2   -1.767500    1.020500   -0.577300	    0.000015    2.121320
3 2    0.707000   -2.041000   -0.577300	   -0.000033    2.236068
3 2    1.414000    1.632800   -0.577300	   -0.000033    2.236068
3 2    2.121000    0.408200   -0.577300	   -0.000033    2.236068
3 2   -0.707000   -2.041000   -0.577300	   -0.000033    2.236068
3 2   -1.414000    1.632800   -0.577300	   -0.000033    2.236068
3 2   -2.121000    0.408200   -0.577300	   -0.000033    2.236068
3 2    0.353500    2.245100   -0.577300	   -0.000010    2.345208
3 2    1.767500   -1.428700   -0.577300	   -0.000010    2.345208
3 2    2.121000   -0.816400   -0.577300	   -0.000010    2.345208
3 2   -0.353500    2.245100   -0.577300	   -0.000010    2.345208
3 2   -1.767500   -1.428700   -0.577300	   -0.000010    2.345208
3 2   -2.121000   -0.816400   -0.577300	   -0.000010    2.345208
3 2    1.060500    2.245100   -0.577300	   -0.000002    2.549510
3 2    1.414000   -2.041000   -0.577300	   -0.000002    2.549510
3 2    2.474500   -0.204100   -0.577300	   -0.000002    2.549510
3 2   -1.060500    2.245100   -0.577300	   -0.000002    2.549510
3 2   -1.414000   -2.041000   -0.577300	   -0.000002    2.549510
3 2   -2.474500   -0.204100   -0.577300	   -0.000002    2.549510
3 2    0.353500   -2.653300   -0.577300	   -0.000004    2.738613
3 2    2.121000    1.632800   -0.577300	   -0.000004    2.738613
3 2    2.474500    1.020500   -0.577300	   -0.000004    2.738613
3 2   -0.353500   -2.653300   -0.577300	   -0.000004    2.738613
3 2   -2.121000    1.632800   -0.577300	   -0.000004    2.738613
3 2   -2.474500    1.020500   -0.577300	   -0.000004    2.738613
3 2    1.060500   -2.653300   -0.577300	   -0.000004    2.915476
3 2    1.767500    2.245100   -0.577300	   -0.000004    2.915476
3 2    2.474500   -1.428700   -0.577300	    0.000010    2.915476
3 2    2.828000    0.408200   -0.577300	   -0.000004    2.915476
3 2   -0.000000    2.857400   -0.577300	    0.000010    2.915476
3 2   -1.060500   -2.653300   -0.577300	   -0.000004    2.915476
3 2   -1.767500    2.245100   -0.577300	   -0.000004    2.915476
3 2   -2.474500   -1.428700   -0.577300	    0.000010    2.915476
3 2   -2.828000    0.408200   -0.577300	   -0.000004    2.915476
3 2    0.707000    2.857400   -0.577300	    0.000002    3.000000
3 2    2.121000   -2.041000   -0.577300	    0.000002    3.000000
3 2    2.828000   -0.816400   -0.577300	    0.000002    3.000000
3 2   -0.707000    2.857400   -0.577300	    0.000002    3.000000
3 2   -2.121000   -2.041000   -0.577300	    0.000002    3.000000
3 2   -2.828000   -0.816400   -0.577300	    0.000002    3.000000
3 2    1.414000    2.857400   -0.577300	    0.000006    3.240370
3 2    1.767500   -2.653300   -0.577300	    0.000006    3.240370
3 2    3.181500   -0.204100   -0.577300	    0.000006    3.240370
3 2   -1.414000    2.857400   -0.577300	    0.000006    3.240370
3 2   -1.767500   -2.653300   -0.577300	    0.000006    3.240370
3 2   -3.181500   -0.204100   -0.577300	    0.000006    3.240370
3 2    2.828000    1.632800   -0.577300	   -0.000001    3.316625
3 2   -0.000000   -3.265600   -0.577300	   -0.000001    3.316625
3 2   -2.828000    1.632800   -0.577300	   -0.000001    3.316625
3 2    0.707000   -3.265600   -0.577300	   -0.000003    3.391165
3 2    2.474500    2.245100   -0.577300	   -0.000003    3.391165
3 2    3.181500    1.020500   -0.577300	   -0.000003    3.391165
3 2   -0.707000   -3.265600   -0.577300	   -0.000003    3.391165
3 2   -2.474500    2.245100   -0.577300	   -0.000003    3.391165
3 2   -3.181500    1.020500   -0.577300	   -0.000003    3.391165
3 2    0.353500    3.469700   -0.577300	   -0.000003    3.535534
3 2    2.828000   -2.041000   -0.577300	   -0.000003    3.535534
3 2    3.181500   -1.428700   -0.577300	   -0.000003    3.535534
3 2   -0.353500    3.469700   -0.577300	   -0.000003    3.535534
3 2   -2.828000   -2.041000   -0.577300	   -0.000003    3.535534
3 2   -3.181500   -1.428700   -0.577300	   -0.000003    3.535534
3 2    2.121000    2.857400   -0.577300	    0.000008    3.605551
3 2    3.535000    0.408200   -0.577300	    0.000008    3.605551
3 2   -2.121000    2.857400   -0.577300	    0.000008    3.605551
3 2   -3.535000    0.408200   -0.577300	    0.000008    3.605551
3 2    1.060500    3.469700   -0.577300	    0.000001    3.674235
3 2    3.535000   -0.816400   -0.577300	    0.000001    3.674235
3 2   -1.060500    3.469700   -0.577300	    0.000001    3.674235
3 2   -3.535000   -0.816400   -0.577300	    0.000001    3.674235
3 2    1.767500    3.469700   -0.577300	   -0.000001    3.937004
3 2    3.181500    2.245100   -0.577300	    0.000002    3.937004
3 2    3.535000    1.632800   -0.577300	    0.000002    3.937004
3 2   -1.767500    3.469700   -0.577300	   -0.000001    3.937004
3 2   -3.181500    2.245100   -0.577300	    0.000002    3.937004
3 2   -3.535000    1.632800   -0.577300	    0.000002    3.937004
3 2    2.828000    2.857400   -0.577300	   -0.000002    4.062019
3 2   -2.828000    2.857400   -0.577300	   -0.000002    4.062019
3 2   -0.000000    4.082000   -0.577300	    0.000001    4.123106
3 2    0.707000    4.082000   -0.577300	   -0.000002    4.183300
3 2   -0.707000    4.082000   -0.577300	   -0.000002    4.183300
3 3    0.353500    0.612300    0.000000	   -0.000051    0.707107
3 3    0.353500   -0.612300    0.000000	   -0.000051    0.707107
3 3    0.707000   -0.000000    0.000000	   -0.000051    0.707107
3 3   -0.353500    0.612300    0.000000	   -0.000051    0.707107
3 3   -0.353500   -0.612300    0.000000	   -0.000051    0.707107
3 3   -0.707000    0.000000    0.000000	   -0.000051    0.707107
3 3    0.000000   -1.224600    0.000000	   -0.000002    1.224745
3 3    1.060500    0.612300    0.000000	   -0.000002    1.224745
3 3    1.060500   -0.612300    0.000000	   -0.000002    1.224745
3 3   -0.000000    1.224600    0.000000	   -0.000002    1.224745
3 3   -1.060500    0.612300    0.000000	   -0.000002    1.224745
3 3   -1.060500   -0.612300    0.000000	   -0.000002    1.224745
3 3    0.707000    1.224600    0.000000	    0.000005    1.414214
3 3    0.707000   -1.224600    0.000000	    0.000005    1.414214
3 3    1.414000   -0.000000    0.000000	    0.000005    1.414214
3 3   -0.707000    1.224600    0.000000	    0.000005    1.414214
3 3   -0.707000   -1.224600    0.000000	    0.000005    1.414214
3 3   -1.414000    0.000000    0.000000	    0.000005    1.414214
3 3    0.353500    1.836900    0.000000	    0.000000    1.870829
3 3    0.353500   -1.836900    0.000000	    0.000000    1.870829
3 3    1.414000    1.224600    0.000000	    0.000000    1.870829
3 3    1.414000   -1.224600    0.000000	    0.000000    1.870829
3 3    1.767500    0.612300    0.000000	    0.000000    1.870829
3 3    1.767500   -0.612300    0.000000	    0.000000    1.870829
3 3   -0.353500    1.836900    0.000000	    0.000000    1.870829
3 3   -0.353500   -1.836900    0.000000	    0.000000    1.870829
3 3   -1.414000    1.224600    0.000000	    0.000000    1.870829
3 3   -1.414000   -1.224600    0.000000	    0.000000    1.870829
3 3   -1.767500    0.612300    0.000000	    0.000000    1.870829
3 3   -1.767500   -0.612300    0.000000	    0.000000    1.870829
3 3    1.060500    1.836900    0.000000	   -0.000000    2.121320
3 3    1.060500   -1.836900    0.000000	   -0.000000    2.121320
3 3    2.121000    0.000000    0.000000	   -0.000000    2.121320
3 3   -1.060500    1.836900    0.000000	   -0.000000    2.121320
3 3   -1.060500   -1.836900    0.000000	   -0.000000    2.121320
3 3   -2.121000   -0.000000    0.000000	   -0.000000    2.121320
3 3    0.000000   -2.449200    0.000000	    0.000000    2.449490
3 3    2.121000    1.224600    0.000000	    0.000000    2.449490
3 3    2.121000   -1.224600    0.000000	    0.000000    2.449490
3 3   -0.000000    2.449200    0.000000	    0.000000    2.449490
3 3   -2.121000    1.224600    0.000000	    0.000000    2.449490
3 3   -2.121000   -1.224600    0.000000	    0.000000    2.449490
3 3    0.707000    2.449200    0.000000	   -0.000000    2.549510
3 3    0.707000   -2.449200    0.000000	   -0.000000    2.549510
3 3    1.767500    1.836900    0.000000	   -0.000000    2.549510
3 3    1.767500   -1.836900    0.000000	   -0.000000    2.549510
3 3    2.474500    0.612300    0.000000	   -0.000000    2.549510
3 3    2.474500   -0.612300    0.000000	   -0.000000    2.549510
3 3   -0.707000    2.449200    0.000000	   -0.000000    2.549510
3 3   -0.707000   -2.449200    0.000000	   -0.000000    2.549510
3 3   -1.767500    1.836900    0.000000	   -0.000000    2.549510
3 3   -1.767500   -1.836900    0.000000	   -0.000000    2.549510
3 3   -2.474500    0.612300    0.000000	   -0.000000    2.549510
3 3   -2.474500   -0.612300    0.000000	   -0.000000    2.549510
3 3    1.414000    2.449200    0.000000	    0.000000    2.828427
3 3    1.414000   -2.449200    0.000000	    0.000000    2.828427
3 3    2.828000    0.000000    0.000000	    0.000000    2.828427
3 3   -1.414000    2.449200    0.000000	    0.000000    2.828427
3 3   -1.414000   -2.449200    0.000000	    0.000000    2.828427
3 3   -2.828000   -0.000000    0.000000	    0.000000    2.828427
3 3    0.353500    3.061500    0.000000	    0.000000    3.082207
3 3    0.353500   -3.061500    0.000000	    0.000000    3.082207
3 3    2.474500    1.836900    0.000000	    0.000000    3.082207
3 3    2.474500   -1.836900    0.000000	    0.000000    3.082207
3 3    2.828000    1.224600    0.000000	    0.000000    3.082207
3 3    2.828000   -1.224600    0.000000	    0.000000    3.082207
3 3   -0.353500    3.061500    0.000000	    0.000000    3.082207
3 3   -0.353500   -3.061500    0.000000	    0.000000    3.082207
3 3   -2.474500    1.836900    0.000000	    0.000000    3.082207
3 3   -2.474500   -1.836900    0.000000	    0.000000    3.082207
3 3   -2.828000    1.224600    0.000000	    0.000000    3.082207
3 3   -2.828000   -1.224600    0.000000	    0.000000    3.082207
3 3    1.060500    3.061500    0.000000	   -0.000000    3.240370
3 3    1.060500   -3.061500    0.000000	   -0.000000    3.240370
3 3    2.121000    2.449200    0.000000	   -0.000000    3.240370
3 3    2.121000   -2.449200    0.000000	   -0.000000    3.240370
3 3    3.181500    0.612300    0.000000	   -0.000000    3.240370
3 3    3.181500   -0.612300    0.000000	   -0.000000    3.240370
3 3   -1.060500    3.061500    0.000000	   -0.000000    3.240370
3 3   -1.060500   -3.061500    0.000000	   -0.000000    3.240370
3 3   -2.121000    2.449200    0.000000	   -0.000000    3.240370
3 3   -2.121000   -2.449200    0.000000	   -0.000000    3.240370
3 3   -3.181500    0.612300    0.000000	   -0.000000    3.240370
3 3   -3.181500   -0.612300    0.000000	   -0.000000    3.240370
3 3    1.767500    3.061500    0.000000	   -0.000000    3.535534
3 3    1.767500   -3.061500    0.000000	   -0.000000    3.535534
3 3    3.535000    0.000000    0.000000	   -0.000000    3.535534
3 3   -1.767500    3.061500    0.000000	   -0.000000    3.535534
3 3   -1.767500   -3.061500    0.000000	   -0.000000    3.535534
3 3   -3.535000   -0.000000    0.000000	   -0.000000    3.535534
3 3    0.000000    3.673800    0.000000	   -0.000000    3.674235
3 3    3.181500    1.836900    0.000000	   -0.000000    3.674235
3 3    3.181500   -1.836900    0.000000	   -0.000000    3.674235
3 3   -0.000000   -3.673800    0.000000	   -0.000000    3.674235
3 3   -3.181500    1.836900    0.000000	   -0.000000    3.674235
3 3   -3.181500   -1.836900    0.000000	   -0.000000    3.674235
3 3    0.707000    3.673800    0.000000	   -0.000000    3.741657
3 3    0.707000   -3.673800    0.000000	   -0.000000    3.741657
3 3    2.828000    2.449200    0.000000	   -0.000000    3.741657
3 3    2.828000   -2.449200    0.000000	   -0.000000    3.741657
3 3    3.535000    1.224600    0.000000	   -0.000000    3.741657
3 3    3.535000   -1.224600    0.000000	   -0.000000    3.741657
3 3   -0.707000    3.673800    0.000000	   -0.000000    3.741657
3 3   -0.707000   -3.673800    0.000000	   -0.000000    3.741657
3 3   -2.828000    2.449200    0.000000	   -0.000000    3.741657
3 3   -2.828000   -2.449200    0.000000	   -0.000000    3.741657
3 3   -3.535000    1.224600    0.000000	   -0.000000    3.741657
3 3   -3.535000   -1.224600    0.000000	   -0.000000    3.741657
