  1 1     0.277100    0.000000    0.000000    1.000000
  2 1     0.341440    0.000000    0.000000    1.000000
  3 1     0.338019    0.000000    0.000000    1.000000
  4 1     0.339006    0.000000    0.000000    1.000000
  5 1     0.338003    0.000000    0.000000    1.000000
  6 1     0.339097    0.000000    0.000000    1.000000
  7 1     0.332897    0.000000    0.000000    1.000000
  8 1     0.332903    0.000000    0.000000    1.000000
  9 1     0.339074    0.000000    0.000000    1.000000
 10 1     0.339089    0.000000    0.000000    1.000000
 11 1     0.341431    0.000000    0.000000    1.000000
 12 1     0.339080    0.000000    0.000000    1.000000
 13 1     0.332778    0.000000    0.000000    1.000000
 14 1     0.277073    0.000000    0.000000    1.000000
 15 1     0.277079    0.000000    0.000000    1.000000
 16 1     0.332882    0.000000    0.000000    1.000000
 17 1     0.332772    0.000000    0.000000    1.000000
 18 1     0.341393    0.000000    0.000000    1.000000
 19 1     0.332870    0.000000    0.000000    1.000000
 20 1     0.239027    0.000000    0.000000    1.000000
 21 1     2.781417    0.000000    0.000000    1.000000
 22 1     2.791148    0.000000    0.000000    1.000000
 23 1     2.781486    0.000000    0.000000    1.000000
 24 1     2.790724    0.000000    0.000000    1.000000
 25 1     2.825694    0.000000    0.000000    1.000000
 26 1     2.825675    0.000000    0.000000    1.000000
 27 1     2.790784    0.000000    0.000000    1.000000
 28 1     2.781423    0.000000    0.000000    1.000000
 29 1     2.825703    0.000000    0.000000    1.000000
 30 1     2.825665    0.000000    0.000000    1.000000
 31 1     2.781508    0.000000    0.000000    1.000000
 32 1     2.791129    0.000000    0.000000    1.000000
 33 1     2.825703    0.000000    0.000000    1.000000
 34 1     2.825683    0.000000    0.000000    1.000000
 35 1     2.791190    0.000000    0.000000    1.000000
 36 1     2.781463    0.000000    0.000000    1.000000
 37 1     2.790765    0.000000    0.000000    1.000000
 38 1     2.781487    0.000000    0.000000    1.000000
 39 1    -0.015333    0.000000    0.000000    1.000000
 40 1    -0.032553    0.000000    0.000000    1.000000
 41 1    -0.032547    0.000000    0.000000    1.000000
 42 1    -0.033499    0.000000    0.000000    1.000000
 43 1    -0.031172    0.000000    0.000000    1.000000
 44 1    -0.026550    0.000000    0.000000    1.000000
 45 1    -0.031177    0.000000    0.000000    1.000000
 46 1    -0.032520    0.000000    0.000000    1.000000
 47 1    -0.031180    0.000000    0.000000    1.000000
 48 1    -0.015323    0.000000    0.000000    1.000000
 49 1    -0.031180    0.000000    0.000000    1.000000
 50 1    -0.033502    0.000000    0.000000    1.000000
 51 1    -0.026550    0.000000    0.000000    1.000000
 52 1    -0.015321    0.000000    0.000000    1.000000
 53 1    -0.026553    0.000000    0.000000    1.000000
 54 1    -0.032554    0.000000    0.000000    1.000000
 55 1    -0.031189    0.000000    0.000000    1.000000
 56 1    -0.031185    0.000000    0.000000    1.000000
 57 1    -0.032566    0.000000    0.000000    1.000000
