  1  1   36.057000    12.246000     0.000000
  2  2   35.703500    11.633700     0.000000
  3  3   37.471000    12.246000     0.000000
  4  4   37.117500    11.633700     0.000000
  5  5   36.764000    11.021400     0.000000
  6  6   37.117500    12.858300     0.000000
  7  7   36.764000    12.246000     0.000000
  8  8   36.410500    11.633700     0.000000
  9  9   36.057000    11.021400     0.000000
 10 10   36.764000    13.470600     0.000000
 11 11   36.410500    12.858300     0.000000
 12 12   35.350000    11.021400     0.000000
 13 13   36.057000    13.470600     0.000000
 14 14   35.703500    12.858300     0.000000
 15 15   35.350000    12.246000     0.000000
 16 16   34.996500    11.633700     0.000000
 17 17   35.350000    13.470600     0.000000
 18 18   34.996500    12.858300     0.000000
 19 19   34.643000    12.246000     0.000000
 20 20   35.703500    12.450100     0.577300
 21 21   37.117500    12.450100     0.577300
 22 22   36.764000    11.837800     0.577300
 23 23   36.410500    11.225500     0.577300
 24 24   36.764000    13.062400     0.577300
 25 25   36.410500    12.450100     0.577300
 26 26   36.057000    11.837800     0.577300
 27 27   35.703500    11.225500     0.577300
 28 28   36.410500    13.674700     0.577300
 29 29   36.057000    13.062400     0.577300
 30 30   35.350000    11.837800     0.577300
 31 31   34.996500    11.225500     0.577300
 32 32   35.703500    13.674700     0.577300
 33 33   35.350000    13.062400     0.577300
 34 34   34.996500    12.450100     0.577300
 35 35   34.643000    11.837800     0.577300
 36 36   34.996500    13.674700     0.577300
 37 37   34.643000    13.062400     0.577300
 38 38   34.289500    12.450100     0.577300
 39 39   35.703500    12.041900     1.154600
 40 40   37.117500    12.041900     1.154600
 41 41   36.764000    11.429600     1.154600
 42 42   36.410500    10.817300     1.154600
 43 43   36.764000    12.654200     1.154600
 44 44   36.410500    12.041900     1.154600
 45 45   36.057000    11.429600     1.154600
 46 46   35.703500    10.817300     1.154600
 47 47   36.410500    13.266500     1.154600
 48 48   36.057000    12.654200     1.154600
 49 49   35.350000    11.429600     1.154600
 50 50   34.996500    10.817300     1.154600
 51 51   35.703500    13.266500     1.154600
 52 52   35.350000    12.654200     1.154600
 53 53   34.996500    12.041900     1.154600
 54 54   34.643000    11.429600     1.154600
 55 55   34.996500    13.266500     1.154600
 56 56   34.643000    12.654200     1.154600
 57 57   34.289500    12.041900     1.154600
